2.3914347442612516
2.430614598431143
2.4285469570576232
2.44411722376172
2.4650269677525296
2.466098457988557
2.4423136451142735
2.4210904157318565
2.4176921800856506
2.410735446579003
2.3869882498810053
2.3621512048932747
2.3438355474066856
2.319961405083513
2.2908035894404235
2.2967174121604277
2.3142381842251245
2.2923736208635046
2.3056054801456347
2.33982786284796
2.333387164186885
2.3326148487541403
2.3510733974432836
2.3679947984498217
2.372645056766004
2.4155244271554017
2.4098361169947604
2.417691355280504
2.4297009860332963
2.4358080323935134
2.4444261830609744
2.471138290550975
2.4856787614277684
2.4853948465741595
2.487829852194038
2.449214293032545
2.470771203139032
2.4631628036858215
2.4468350376572436
2.4666649965618053
2.463594848032787
2.4384360060834056
2.477682698785542
2.4705299511749717
2.4486555890391704
2.4493324142550903
2.460497213533691
2.4552206522906346
2.4236623113809324
2.439292805622912
2.430334713270737
2.4271421715939825
2.421749044713875
2.4119867117532636
2.39386410665124
2.3656981537926836
2.3837746500996
2.373092604119285
2.348750390413225
2.3423464003145
2.346356668004143
2.3205996248588376
2.360420978937534
2.360376240947511
2.3545914915369597
2.3750755486585255
2.38682421769463
2.388205673177024
2.385242450793415
2.3674865640896727
2.353197136241014
2.3737770574265005
2.359135377227075
2.3386735993894403
2.2901021471106144
2.3053128135971366
2.290998442213842
2.288416686363057
2.258066232177741
2.275630795831222
2.2374313821643037
2.240196576021533
2.2575811959775507
2.2248009657450183
2.22965723965681
2.2368885722257343
2.2564750810267498
2.2515629117259306
2.2505159365506593
2.2488413617108907
2.2357173143754294
2.2434106068189124
2.233700296325137
2.2455300579864046
2.245711672441224
2.27937003646397
2.2631867151514147
2.2752544640064136
2.300503590187387
2.2856159932737588
2.276738691994397
2.300903336619279
2.2948401802469864
2.2674313538551574
2.323313443355884
2.327630793214642
2.3160964386516016
2.30689512931809
2.319238681982814
2.2764294232370434
2.2724343766511708
2.2449770551460992
2.2530817296356664
2.3047150030490315
2.283214193772704
2.3260692029016528
2.312716299696442
2.3257933749590864
2.3130735160228046
2.3047194665727653
2.3003162624109663
2.312713435008874
2.3251309340206645
2.3267357652090515
2.279200597905035
2.2910815653832657
2.306138519935943
2.3406902111889676
2.3321445992917216
2.3599781258382313
2.3739257986969307
2.3635489086033576
2.367401956007569
2.3471971485996845
2.335495892760664
2.31054092093763
2.2881041970551657
2.3155650401622316
2.3207465554880793
2.336376826670559
2.29901767979619
2.27123081555625
2.2831808076604454
2.2760717692770815
2.2680681111849554
2.2698589081801055
2.2811954131113787
2.264462684739493
2.2558895513481807
2.2332486767428468
2.2353444568273484
2.2452097328900944
2.2443000631479757
2.236304152266123
2.241393524915266
2.250983897922743
2.271235408765877
2.2956235387416384
2.287550463315508
2.2784360509268966
2.321213124445411
2.3084746891030967
2.32247727431576
2.336192027871278
2.3432994983003574
2.3352812556615787
2.3074501898728323
2.3158347227511222
2.3249225068215065
2.3237156676148127
2.342426960981318
2.3458936203909433
2.355871394536635
2.358058789829432
2.3563538286412373
2.3537801276984505
2.34397296051017
2.3567683843246314
2.3726112591378667
2.402326562563088
2.3948319366353235
2.3889034769086255
2.378151867726184
2.37171116310677
2.3716358195726692
2.380299287341949
2.3614724291863003
2.3528066509032626
2.409109118198753
2.4183291786573693
2.426842678416411
2.4357350108201627
2.425032798646034
2.42012407625596
2.46471496208852
2.452073835814584
2.436117448404223
2.419630107810376
2.4361242913797025
2.4238952306755466
2.4310823573243368
2.4370367932213632
2.4114467743515973
2.4405231890538546
2.4673212801115163
2.507419833057651
2.486996950562584
2.5209884861736027
2.5241115222780905
2.539618826445246
2.5098338470173838
2.503256371753522
2.464222170798224
2.497967600855771
2.4733733179976123
2.454874132499988
2.4269474825503723
2.42934123445977
2.4171456239938705
2.3842485030854133
2.420765318761959
2.4215394621299313
2.3656294333685683
2.34489586465257
2.366446912635609
2.3742412898696292
2.3841273478158405
2.37874796163025
2.3879232255768565
2.369472535950415
2.344608005397816
2.334487245658755
2.3471401180360867
2.357613818576646
2.3541830189093385
2.363989523471303
2.398861876772801
2.3676534814511765
2.3391575784787393
2.343466111985927
2.3166517727504368
2.314223438974298
2.340023763183679
2.3193520791202693
2.337568433700122
2.3068047382644523
2.3097412444703247
2.317434692671498
2.300558127164412
2.3151017714870727
2.317384025555228
2.2903819531958574
2.3025907122181364
2.283465392645474
2.3084140586375415
2.3351179052010345
2.3728590951368425
2.3649553412238165
2.376733363291352
2.3474924697443336
2.3385334939458504
2.353986757352444
2.3557539469475963
2.3491110144756058
2.324979452030119
2.313441630226535
2.3063182671172604
2.316256478167721
2.2889668880470233
2.301597044614342
2.3029495124014026
2.3265601296039713
2.317806449240027
2.370239801393535
2.3752730001093574
2.36453699068855
2.3635318479525504
2.3363700001418684
2.3253702686184297
2.33938789711565
2.3527747242852426
2.341044879254228
2.33010578043553
2.378879965895181
2.386971892234347
2.3770754479956344
2.392729021322023
2.396000619815192
2.4011725851413583
2.3827797090614813
2.420329599522932
2.4073422436343415
2.421911630109818
2.4442772698844863
2.420305762221706
2.3773917549563452
2.356947725097072
2.3925215738883905
2.387923697842917
2.36226768117853
2.3468192835667208
2.3478804215083637
2.3450551400602446
2.36327311590538
2.3662048219869445
2.346290091466134
2.3321107391051066
2.314193750372365
2.281067652401085
2.2827541922728516
2.273764967657495
2.307586577171253
2.330728451205611
2.310331595740287
2.2766522132956166
2.2550401759007053
2.2400228529053736
2.257786187034198
2.290238798950075
2.270413073415056
2.2649887314099373
2.275448203171135
2.303291696371394
2.282680381033774
2.302357839999431
2.310023888116782
2.3016411365960754
2.320170572351852
2.319504421620897
2.3468655512911454
2.330232076939117
2.328113865513198
2.3287798505449064
2.3652074741887223
2.3248824782629955
2.2982755566596675
2.2752129189243933
2.297932637965306
2.283746828153899
2.262237552580603
2.2360730216829934
2.239936999823525
2.255476301422556
2.270401535975754
2.248585309941979
2.2645066912237093
2.270055509855388
2.2512106272922647
2.247809368726126
2.243256080686555
2.226764769402265
2.2469305883457684
2.252879329865658
2.2718438116658946
2.2924480451253726
2.295019087218648
2.3121878720103055
2.298850383241969
2.26617540583554
2.2528462480439155
2.2513172309639007
2.249798402806785
2.2174178484691067
2.232042153652982
2.2636398822315216
2.285644000362394
2.272881922918562
2.289279078767965
2.287770964659518
2.299007601679292
2.293540947097684
2.304872979423243
2.3270506121388186
2.3133588132617997
2.3107847366541896
2.322993092763958
2.3134708865735085
2.326651839653971
2.350624755165701
2.3664303261946733
2.3561240682877287
2.360121205047266
2.3941741479147143
2.4050767358182408
2.377111906213684
2.35670808261961
2.3811946330962366
2.386734031241858
2.378984127247158
2.4021502203896445
2.4095015572223693
2.4156919859418435
2.404386285946499
2.420958371449676
2.437615916543189
2.439324778149817
2.432950667034154
2.428137465372836
2.430564816926151
2.403467098649406
2.3965711129843044
2.3993269597188154
2.406530595584262
2.4103125592116355
2.441276572092907
2.4354962284701496
2.408408397442942
2.3883550966349687
2.3994778173820968
2.3769558846087993
2.3697783821587435
2.3818504491536654
2.3814517904981534
2.337058957559516
2.2889764362712417
2.303337766550535
2.2859811657601163
2.280937766534042
2.2984743944381942
2.2969278272357436
2.330957302758073
2.3192662566154114
2.3193374466020953
2.3258441836116193
2.3165805141706284
2.31892366216535
2.3095997432865905
2.3690587007815593
2.3508251609980486
2.3304402846716026
2.3077095567470445
2.293044806981168
2.283795624653807
2.2975448726946976
2.313085804625028
2.302372193915215
2.3009485224037647
2.273721588501286
2.2915552662111303
2.313535363643776
2.3173156789832254
2.319767109788042
2.313750046134221
2.2742172526055597
2.2481172191722756
2.248153270502593
2.2513377906571175
2.2755514860321298
2.273583835888508
2.295027948004048
2.2861389829256056
2.264979074008001
2.255288831432394
2.27251144087373
2.259616783931582
2.2706583616332985
2.312297816137439
2.3401979718640438
2.3552971786720827
2.416786046085054
2.4278860463571226
2.420089337890747
2.452559385711533
2.458669537228718
2.4638849645150147
2.474719935185653
2.493881789879727
2.520536701479678
2.534909248958564
2.523080759991403
2.533671726151436
2.5201891126103186
2.5466862088007867
2.5296027905650433
2.503445784454147
2.4630643418398437
2.4884767896388675
2.511819038073443
2.5147435551813984
2.480003766561456
2.4744748645240717
2.4847429344211083
2.489672534099903
2.5020721502333383
2.4681214574604633
2.4572991368153994
2.4679193566161772
2.4579469486767276
2.4493155150652663
2.448660138170251
2.454701468912925
2.4211927857488007
2.4269405568502176
2.381008776040463
2.3692027461922094
2.3073184718193223
2.300331847133289
2.286917711554777
2.297762193818699
2.276956590024326
2.3045666627852954
2.2750818104049393
2.2394213846367044
2.254023455877986
2.2879012756132666
2.2742677443386965
2.2818622417510865
2.3106827602277997
2.3325286887863728
2.355868544509386
2.3102230827592956
2.298389570888848
2.287878745806537
2.267156443930311
2.2767195986658604
2.269848468429237
2.2677651384382362
2.2505537396914628
2.243609116987799
2.248430271835879
2.2450721060004386
2.2086325964865674
2.202835965089165
2.140011282089526
2.1268453050010496
2.1206293986518028
2.1419244929592365
2.159050164814701
2.1445272350823217
2.1560829302220283
2.1273801001125054
2.130176895392763
2.1012068262877475
2.098745446049719
2.104245312984769
2.0885137342223388
2.0681623484293143
2.0668915322811374
2.0892811114189493
2.068932588986384
2.100777426666679
2.077487800791566
2.0996886536935015
2.089247999369516
2.0728653153253833
2.0353055925136943
2.0440907921344014
2.0523477802771644
2.0697044377252647
2.0716958358215276
2.082465791417386
2.061087108695704
2.0795459563825616
2.093571017435705
2.1003155173103627
2.1053520481663797
2.066551042813974
2.04858858378679
2.0292799834382382
2.019084212431555
2.0510851938206964
2.04865274913376
2.030436365531071
2.0272338095389357
1.9957545244860837
1.969299039778719
1.9598424302068196
1.9723012927736703
2.006457304610695
2.0365818166891634
2.0372762035919827
2.0523464734467094
2.068486049771035
2.0676912179769174
2.1017227966269116
2.0905731739442355
2.1191964874546008
2.109270356639739
2.1425039406550934
2.167781935523843
2.170441087436811
2.163959801787396
2.14942557861462
2.163857299432977
2.139183311522507
2.1944670412665137
2.2004219160117593
2.1780473868384624
2.191508942603279
2.192069768957988
2.190245326088083
2.187574812088364
2.1973080046787867
2.2021713469436226
2.1520266450561145
2.130585402415209
2.1097886380137356
2.1385321744556878
2.1681355884054123
2.1528116412243055
2.1496971834835863
2.1704006729211764
2.149281511061477
2.1877557877643263
2.2006343699425845
2.2221040983893223
2.218603996320781
2.1845489782104126
2.1686019949004245
2.176005679784229
2.1767563398231475
2.174172735418093
2.181814297003878
2.1446185101902757
2.1537947747883655
2.1561130430588658
2.1759009859203067
2.1636567441589367
2.1342850905159514
2.1108406618326274
2.105606836442153
2.118491626627607
2.127547939456429
2.146633197185864
2.1466282890823694
2.1698860900090664
2.162787984540875
2.1660066154419844
2.1576330416176805
2.128502171488953
2.1525785221708342
2.178856074100553
2.1933385935909206
2.230642211585287
2.211720376415738
2.1912773744453484
2.1810898290602934
2.182164417222032
2.171624364255762
2.1974737188626507
2.180624957146787
2.184927835778712
2.162104321835776
2.1348718587687183
2.171418066113625
2.1696553898001025
2.186879090496978
2.155676816064138
2.1652097017651752
2.166701322170661
2.1544763854290663
2.1386913973560873
2.1670784717117453
2.190260730529001
2.1855666810387513
2.164963223467877
2.1490956126691607
2.1316029883971686
2.1230922043036635
2.125762861922058
2.117403653249891
2.1331753397933197
2.147641117188044
2.144749191396121
2.1490912308137897
2.1621039086626777
2.1714834178573135
2.1855324512216145
2.167175470462611
2.179020437498551
2.172460632135465
2.1773886312939386
2.207515741446944
2.2203308791280576
2.2116969668426685
2.220097973772819
2.23709598055012
2.2438772421267172
2.258726521575931
2.259005736629091
2.2488928711967486
2.2686411068684857
2.2719348192591604
2.2431871621524366
2.2488184300574816
2.257955537264545
2.256774439725783
2.219910413927006
2.2575478940958735
2.208193449039429
2.2143924483557846
2.209818576826022
2.18124063274927
2.1617213101822133
2.15171766381819
2.1799831429367034
2.140461529855148
2.14672393992288
2.146777530774071
2.1200358415550586
2.159462796147951
2.191319677407587
2.2065492366197503
2.2143334206809726
2.2371424114656104
2.2667311849396135
2.2789956055816245
2.2904179639252416
2.303544600970269
2.314448340309222
2.303667650039221
2.3096324329438693
2.3204191570858965
2.338268079587942
2.322519820599126
2.3477747053686207
2.375549307376704
2.3746328533513728
2.3483620203051254
2.333191148551481
2.2979702162531033
2.289565552832594
2.280378801084762
2.2763968008602804
2.3081796173748144
2.3146840986575876
2.311649462314819
2.3485602089555075
2.3627598063697204
2.3630757458222758
2.3439508734070067
2.3579233525007033
2.3405441046837843
2.3545565129622994
2.3494506941154762
2.3630688202570465
2.388500797727593
2.3905972565936824
2.3742666510783255
2.391255019971383
2.4107213155265566
2.388233781930498
2.367109207603857
2.3654511883877043
2.3406229581123505
2.367633620238981
2.331803692885924
2.329536054385045
2.3150233114554983
2.3233780600070784
2.362372753498842
2.3597261713814146
2.3534230995308945
2.3493831612224714
2.3750528447095927
2.3752072689362698
2.376642265121044
2.39023669272357
2.385229256742733
2.399894728566637
2.415262765612884
2.442986337394317
2.450486467027075
2.457395645968189
2.4308038457728838
2.453610316704136
2.4560470272783026
2.42407371708174
2.3897209441434986
2.360416220478533
2.3302703476638302
2.3209087986266437
2.2884086224385536
2.3231317972175534
2.2864609706883208
2.254282528164639
2.265055592236681
2.24695656076387
2.260185916502021
2.244697657847862
2.2577165415789575
2.2233947716138567
2.1889063817756638
2.207022986309602
2.205504482166005
2.204595387033587
2.2133488709075078
2.1985255971170705
2.218088027997847
2.2169092440252482
2.2134469255754334
2.2098076689623753
2.195031234761955
2.2028629140110625
2.225527236393519
2.208072821126807
2.1949759968603253
2.206651512629027
2.195302746952726
2.2359727082822407
2.2055608617420557
2.1926889823686206
2.2016946513392854
2.216916932699604
2.1937899744690883
2.192961612746123
2.1866935414674398
2.182211861272693
2.171594503772885
2.1628587788001417
2.1729372867897063
2.164043272099903
2.161468803513836
2.1657400939617597
2.1721519647326617
2.159417968766016
2.144131600634322
2.159474101035586
2.1942682910218583
2.171734498229929
2.1919470893866078
2.2197456479461253
2.25004882635769
2.2795342439308177
2.2828864358445298
2.284599816490707
2.3098224833617933
2.3260039311417735
2.326536577717565
2.310149920632026
2.339245546822025
2.3414171208935683
2.31536224800185
2.2973933275092264
2.293991067167187
2.2826469117840773
2.2766494597967464
2.3103081220678057
2.308634743198894
2.2839382829794093
2.276397390079715
2.2450180048873163
2.2320492673477097
2.2310109973971772
2.2451621854003823
2.2527543585700176
2.246042445147237
2.256929911116686
2.2781587918942594
2.2309291450977784
2.2163033574929982
2.199734333078538
2.195315867473234
2.2027148249493838
2.221856193503084
2.2624758409108754
2.2782792407032826
2.245637058185904
2.234993433673816
2.2345304044732606
2.2438826442346915
2.2692802586678784
2.2559470284470176
2.3172640452238498
2.329864834297571
2.33801570804757
2.3333088033234466
2.3149230497652304
2.336913123528616
2.325275389730786
2.3313207971757923
2.300671365660751
2.3237556406518096
2.331581588163331
2.3403480223093944
2.3781275599728553
2.367530232765853
2.3722508103028375
2.399817768882606
2.3872656229106437
2.3649054466878527
2.381376245243947
2.396120589711992
2.407622379262306
2.441656492253277
2.44567070609941
2.4283685172308607
2.4072354470524764
2.418256692602405
2.4221293374565547
2.412475946872984
2.379732593663987
2.3636228694217483
2.3374326863061237
2.3110727949127847
2.315286859600685
2.314885057516798
2.3035235113036148
2.2870145385629397
2.3018163355217007
2.2958275785134643
2.2937333414078784
2.2833653992213385
2.310000201321257
2.3361393802026145
2.3443221762689195
2.367385107620467
2.3940593768686247
2.4058907961020704
2.399810676283121
2.4183792277212195
2.4327947573202087
2.4591368283690787
2.4583009731592096
2.429379360387929
2.4191885028757136
2.39668874731861
2.377714447246157
2.385234091796876
2.38890887721075
2.3626977365563095
2.3362035650879434
2.3494631672125523
2.348136485882597
2.3512211616579113
2.3429638970582336
2.3405048626019114
2.3450976048690584
2.356702646710197
2.3731824578668794
2.375793406282285
2.36500767270494
2.312090152938704
2.2957773735109774
2.2813973478157026
2.2670201335301647
2.272028207456536
2.2777011747515052
2.2778688091338375
2.2745578716740433
2.2653138688608094
2.2749006739337645
2.3148042706184397
2.3175809854795233
2.2956477312432826
2.2808818631052192
2.3059252142154465
2.3221669032514645
2.3331298036209094
2.284663864968098
2.2694390832010742
2.23560293130488
2.2426925216177467
2.2382920910750608
2.240855684361566
2.2428909073795915
2.2402691349798713
2.230151402032783
2.241615452898907
2.2446535179206135
2.2118041332237244
2.2278318508715054
2.214171833653805
2.207208356787253
2.2235468791136213
2.2369041318487706
2.2479095115908168
2.228303718262287
2.2187935623909083
2.25477667056057
2.2495321576306773
2.2914298003300626
2.2828097371003606
2.30584453172198
2.295072973658118
2.310331117714096
2.2908757026924498
2.2957914517519615
2.262324030390392
2.278333111202015
2.3053904173930717
2.3036204030885834
2.323499743991279
2.3300640190155804
2.3179408713885334
2.333067793453793
2.3696194564602906
2.3644718005952985
2.3747750847602083
2.3910076700475593
2.3869360652318674
2.384112958288718
2.3931555909222744
2.4213108375666237
2.4358888304214026
2.4039963426651845
2.418319895298159
2.4171304575022643
2.402281777925974
2.381687268067276
2.395037977716173
2.422390088036605
2.41079468507045
2.4225004177255323
2.426282890863595
2.413677449057703
2.4169854449951904
2.4386107044711713
2.4060414306368574
2.4345146275494787
2.45779346921553
2.4805760004771913
2.48318513458636
2.463292142847207
2.4680498560631365
2.481736421154672
2.4895217978590725
2.4903653571936855
2.4646992322023973
2.466823776314113
2.442817590820716
2.4554304172242922
2.4714481005752362
2.4731339271151462
2.4528581033585803
2.448393776954267
2.4685000183717594
2.4601202921556693
2.4974974785190103
2.5045848177690018
2.5166052450781082
2.519786980270976
2.522325219533447
2.523083765423534
2.5018648640277843
2.4647899312373887
2.4608097880506117
2.4500210028751375
2.4495962510857505
2.432943829120201
2.444523358404887
2.441519359065688
2.4144669416163653
2.393995467641295
2.3647193802999404
2.4138474322728745
2.373972676767224
2.390090622533049
2.392641750006131
2.3894573963905126
2.3853127827060985
2.382880811441951
2.3689084172500494
2.3628505711678502
2.382703780513763
2.4392167389552246
2.4338006327665545
2.4447170617723293
2.433082902802471
2.444828882989664
2.446643373487522
2.4818098561740465
2.4449863450431017
2.392791076572069
2.383350948850294
2.3679820061071792
2.397158261003318
2.37747771148141
2.3698991583227516
2.3954618251956235
2.3668862724837676
2.3766515647039475
2.3636581194955135
2.337952068471047
2.3072594201060395
2.3020696375922034
2.3056822084849355
2.288205706101083
2.262003881444122
2.243573315668454
2.281930263203852
2.2707052461097548
2.3228565137239365
2.330460256980214
2.336437882336056
2.333305414769394
2.324171708853003
2.332619643766257
2.3215413203145157
2.327778724836574
2.3232757809494693
2.310046166952276
2.280301207484297
2.294391865450539
2.309023702503471
2.3253719633942502
2.3213013685270294
2.315713506866709
2.326481616138403
2.3012306311386186
2.2941034155638884
2.290092173598088
2.2965595533312
2.3081321236843655
2.3248131454704777
2.32213834857412
2.3516802422627388
2.3525978348477303
2.3352398198887783
2.3391938425579495
2.365337582518675
2.3498842822384405
2.323184245943655
2.3455214927666868
2.3605639741229303
2.3706166755416618
2.3795719642979667
2.3637182847291687
2.388252417244307
2.401363453428763
2.382076520219146
2.420503789918606
2.420223832681244
2.405015206765028
2.4052428915104382
2.40264789822601
2.3982481155111177
2.4058391303646913
2.431844667130233
2.4236889715527754
2.458530421119665
2.46330208592046
2.436322596674927
2.4204973994875747
2.423919036105093
2.470067025133213
2.4571911166005256
2.463859406985705
2.459976728264823
2.4434514987120473
2.4482564514783633
2.4666789823037774
2.4775910389707674
2.442442537892073
2.457779177032704
2.476157024393749
2.4593173237075194
2.4776475729230443
2.461113683421956
2.447874019295529
2.442560269024349
2.45608624048405
2.4631950392597517
2.444775486483922
2.4609131323163367
2.439008919439397
2.43791918713381
2.4264023695899697
2.408410874089741
2.3979935062959825
2.39796380764932
2.4051084998444807
2.4295742761458907
2.419620591448726
2.401191421294378
2.37137661921827
2.3631385577625212
2.330897435992265
2.3232923718899654
2.331988787074767
2.332377449989573
2.3335215257473645
2.3292149620668963
2.3370175342160944
2.3385846652079176
2.3354358081252524
2.310396070630394
2.3076074337739114
2.3373797079433007
2.3362208786130423
2.3484293472827202
2.31788678124834
2.363186555997609
2.340253008995696
2.351352452627076
2.362578060237062
2.408789851757971
2.3846895929081775
2.4296645599753286
2.4199583828714837
2.4185721421332085
2.4441457617899913
2.449644861929404
2.4723876937876335
2.4761412429033447
2.4470315292616616
2.4412527435341924
2.4291513691113855
2.418733386562977
2.411477759804966
2.4246902321614527
2.4394148228904653
2.449559546461336
2.4522376153188103
2.4804162346445504
2.468695702734637
2.483577898004283
2.4766502916679576
2.461033098304255
2.4658970983706228
2.4614963693728167
2.483789566898875
2.460501616178642
2.4485273297050436
2.4546900749706966
2.458569186863289
2.45097802767171
2.4237027028370193
2.4327349773162243
2.417212863551778
2.418649486343232
2.43145227741983
2.4322850344683373
2.4735302326441357
2.45348447874671
2.4752044153828043
2.5060595828299417
2.523950978029914
2.5333787333500997
2.51956587704108
2.516613137685704
2.5214161327787856
2.4883979220676684
2.508759687366521
2.4784904282469773
2.433213494526188
2.451216689717645
2.475826022575558
2.5021173161097625
2.4520986206144504
2.4398031494738777
2.4636138092131743
2.4236233804039724
2.4163931631087756
2.439274818377468
2.4201304745605206
2.4021043213009885
2.3885397638740953
2.38359294098827
2.3605770208735386
2.38424316819412
2.375905780237104
2.3810286854659455
2.367032978137906
2.4050176578156064
2.404821017908051
2.4033150433290524
2.401898715393744
2.4059867947704197
2.3664245021024133
2.382948831136385
2.3932770604270375
2.3956582102053883
2.403746913059331
2.3882444472624407
2.377841104635273
2.3985856398286325
2.3923411200784908
2.391870704152009
2.4411470298447684
2.407524895752172
2.4156237253663293
2.4381194624411644
2.4366717314283655
2.429829754948833
2.418067291246773
2.46547989379035
2.490731214773047
2.4444904537641525
2.4678370730267423
2.456284201329857
2.4535297837536234
2.47341333653182
2.4353908131201094
2.4225155066800963
2.4348403726596115
2.465532939611255
2.481906584618377
2.474592126411065
2.490414328984942
2.4275932748428404
2.4614952530724405
2.460349677697244
2.4728352210590976
2.4827623210952563
2.451577604657085
2.4578876891192634
2.4569820075403457
2.4162359628858363
2.3861737565254018
2.3951956623593422
2.430443689617652
2.4462208347631464
2.4818144032792455
2.4394183653645616
2.4300408878998763
2.41154169294375
2.398644816048204
2.3748031613631353
2.3742764835257404
2.3919320889490376
2.4262797740801774
2.408583835515044
2.3997725848528333
2.370834188544041
2.339491973229201
2.299311358529452
2.2964189649789186
2.314582826348272
2.312720351755302
2.313602508589891
2.3044887477537817
2.2952770630039856
2.296531999872112
2.267017389662294
2.283393751066773
2.2926178670102475
2.284738279446216
2.294320700308656
2.3023923222399705
2.3175845840685887
2.332522631710847
2.3191199548502888
2.3262712054323114
2.321788382070008
2.327340922001317
2.314932000528826
2.305032472913314
2.3101189393960726
2.309002428239251
2.2962029791675036
2.3100676199069303
2.2743540995637677
2.2578005156872476
2.2499263006754586
2.268018266799823
2.2878810795145257
2.2908162785946597
2.288052431378847
2.307359730459545
2.2938999789605585
2.2926785822590463
2.278766178361651
2.2743827975783653
2.2624317615619423
2.278393448971946
2.2848235740710816
2.285598971137506
2.2840013324853365
2.27281874376224
2.2894230760818464
2.310607825974353
2.313448886345451
2.295525409197988
2.2876710615338247
2.2871865274396144
2.3213442910231716
2.3143515025333903
2.305617691981959
2.286775890426366
2.2873423798004198
2.2692500695048334
2.286091063265205
2.2854750365014502
2.3007575030746352
2.2901815743355485
2.264837790170906
2.228288584406646
2.1964290737053913
2.2287487443787035
2.2058467585249106
2.2296861560600085
2.2616080119767714
2.2712174703120134
2.2934585843618778
2.3194396957250842
2.2954616170985807
2.3245271422050107
2.2962304389888923
2.304539699392326
2.3255538511374914
2.3655421715240834
2.3527835444067113
2.372627390610878
2.372472533534112
2.3537003152528624
2.3216657126982883
2.3585243127378175
2.3470737752593047
2.3455711020939027
2.3552754424964624
2.3820449630548732
2.335029980155967
2.339743226575687
2.3797220567677435
2.374198652889828
2.358757024391197
2.350148045788879
2.347701884150202
2.3344657336737638
2.2964200916294666
2.301194659757585
2.2820076627783803
2.2818998149030154
2.266561174389722
2.242697896837735
2.2330334487511685
2.2621632461111822
2.2391674683189122
2.2482758869829715
2.2228883815594056
2.2181780629482466
2.2002554937455234
2.19339224203607
2.179733692737693
2.1543570413151674
2.1497101710433206
2.1320112016012605
2.1222327755318973
2.142622308992628
2.1510614553147946
2.1477169378033127
2.1675450388276785
2.1758115142704586
2.177140536944343
2.174576809654902
2.165493188832187
2.1864900748502016
2.204068223601526
2.188630778247039
2.161986204613121
2.1786272562484505
2.2116712603897986
2.215418573648643
2.1820911496308235
2.2042088121412027
2.229661332946989
2.222949721599901
2.2389102488377524
2.234207994120775
2.2216501152566765
2.2240933760238573
2.2109670131016377
2.239613784991822
2.2279509929722883
2.218526168521754
2.264055937169603
2.2819783238854248
2.283953236703471
2.2710107930473664
2.2661901943528173
2.2499149669672542
2.2745491092486945
2.2890512086427117
2.311457673585523
2.3473474510287695
2.3400939570282224
2.360909997555942
2.3766316701503083
2.3849027217858336
2.3695557823660898
2.3698263929086294
2.3567216757579708
2.3684423308408395
2.373370122838363
2.3761970570103674
2.390485823459259
2.3881007368642804
2.384026553624516
2.3903783652067507
2.3856699865535678
2.352958742849588
2.334808275673376
2.314515270775023
2.28747952019738
2.2963504104860886
2.310473317182307
2.3321049969795475
2.326302212989426
2.3413470821942934
2.3063045157055173
2.2792470292199307
2.280860194737037
2.2796528064273676
2.2715569806061113
2.3068398920407733
2.3177068740687283
2.321737926531902
2.291630827834108
2.2876460716605687
2.2620315754728355
2.2682113387570912
2.272808381995808
2.30829192265029
2.2733949011424843
2.2685678949984833
2.2947604524033856
2.2931985350929964
2.312094475602789
2.2945686786381025
2.3002603745642736
2.3033833674985678
2.3183817249604446
2.289938325724364
2.2723009156521927
2.257443909040925
2.2377288042495387
2.2285221842488845
2.259481635636044
2.2300490251491194
2.220517055627214
2.1974503783736985
2.180959866808939
2.1769211591537148
2.176041718205605
2.1721920477541428
2.166249598453337
2.1558660912781655
2.1645676536118432
2.1702547786123945
2.176446711197641
2.1768679299153213
2.1691150890843116
2.1403875092740776
2.149322633349138
2.130990372329005
2.1498553942918632
2.13836529057438
2.1585176507983617
2.181585662407304
2.16124905563739
2.1625597117726585
2.1414062772645805
2.1138814564436403
2.1127666461526573
2.105988134744363
2.1074220073606513
2.1125048177657058
2.1427417280459897
2.1520453965170603
2.154652981332347
2.162756822388749
2.170536523509201
2.165683930864
2.1821988450807797
2.1862428318622715
2.201998160371912
2.241628603460544
2.2711482639838865
2.2850700201308936
2.3077259599786353
2.297829430769442
2.316531395766418
2.3108391207785353
2.3222019729708454
2.3189915767189935
2.3491733937718413
2.358421737546118
2.3593422411758835
2.3451044041618396
2.352934122580731
2.320689140831827
2.3165763980060294
2.286654954195097
2.2896095796319407
2.283331942918999
2.2573631471657847
2.270651234341812
2.261681359366396
2.258661545977442
2.26353940900592
2.2695323560119336
2.277047869815686
2.277033963883
2.2696075860728455
2.279904133966486
2.2956234107043723
2.2865305729217376
2.2929944044088018
2.2625708247757834
2.261643951519265
2.232140707301699
2.251561731110423
2.243515124951504
2.2329443319028695
2.188038294275921
2.2013136782810476
2.211332550176465
2.226478550184927
2.260066791897903
2.2816842626779232
2.2864788587799643
2.2834868976767124
2.291965581330976
2.285569870625968
2.2962175952334443
2.323461912391532
2.264895839449787
2.236431865473584
2.2233955993547414
2.2105845264744435
2.2049469195298563
2.2025611658913897
2.205149629776112
2.2006602062183878
2.171808412431345
2.1939686228483857
2.1987356794361275
2.1982719023970043
2.2304214758205916
2.2523626673833155
2.262598096200006
2.290621167350579
2.2625904100930323
2.274296116114207
2.2867624626771113
2.3061935465145744
2.3355907178885444
2.3528830253924347
2.332749642620514
2.3320344619683615
2.3243702626858918
2.3096703180808658
2.302077178940835
2.3209505558145653
2.3347703767277683
2.334636550844965
2.338852942997855
2.3494483784026756
2.3558046146849922
2.365309125996266
2.329138027570909
2.335405530492462
2.3185585939702746
2.313529617650386
2.309150931316125
2.3094272588201172
2.3340908005151726
2.3174149285096544
2.3496041571432134
2.334015040084913
2.3383904421188793
2.3094794024027245
2.3161626098837766
2.3375971248523433
2.3029017293203173
2.304269453108915
2.24250681975894
2.263501596633527
2.280978518676075
2.289423605514521
2.2859701541445716
2.296664036165499
2.284628513181032
2.2988447255524616
2.2970866024440317
2.298946353709616
2.314386766127291
2.299704049442073
2.3449491872180643
2.3210487163188533
2.324293100996462
2.3395008552092924
2.330904514197936
2.3448804564856753
2.346175525713725
2.355792198950295
2.351326777257876
2.3667608654394865
2.3661816562210265
2.3661043045545633
2.331822665334252
2.3431195620988023
2.309231893434453
2.3271316882377744
2.335250650573184
2.358854628323161
2.3708209226474004
2.3798836778362036
2.3689250415692653
2.385495235827777
2.3578215478499893
2.3678577646523182
2.3652148168670015
2.3406427426408096
2.343310836725178
2.3509747061819697
2.3536177694361426
2.3460677991129217
2.328760024187814
2.319226047748723
2.3327494218125437
2.351056045167837
2.352382003925853
2.319986081353947
2.3645242457639624
2.367404064516846
2.376265567686112
2.393591003976193
2.3792156061120577
2.3533643626276013
2.3685310096566745
2.355424399323392
2.3491173131538337
2.368928538889334
2.3580903333462557
2.356742686645218
2.3372821892555216
2.33846891201579
2.3446693508391823
2.3679685859322053
2.3665067230790857
2.394268428460022
2.3740690605437615
2.3762745639597407
2.3435183522509835
2.363037086767389
2.39365901496766
2.3772042494426575
2.396146647344867
2.430743380697712
2.383414850970706
2.3442138641089993
2.313139736158185
2.311305174291256
2.3419165154963473
2.3270609602256513
2.3369734687253048
2.356350762926978
2.3479677387281592
2.326344875890219
2.2982965738825487
2.326096373958987
2.333715171946838
2.3252405001205747
2.335825527678889
2.340178376452447
2.3186024951095647
2.30129536208874
2.3104243336553827
2.292479617742577
2.2898375763178405
2.2858262870151744
2.2959020362884766
2.3128141487426674
2.3112741708993134
2.316530668007471
2.3618720498285315
2.3270896370860625
2.317456233757252
2.3234026440516127
2.3460043870537404
2.3454032605038715
2.3593235075300107
2.373333189723693
2.385781570524439
2.382074693903777
2.3882472332925055
2.3752160563661056
2.3569245292232246
2.319720516114693
2.273345131714188
2.2930307160744015
2.271105594620327
2.271268128272621
2.26604589533602
2.2719186405577703
2.276070155732013
2.2731987419218678
2.2669582498058642
2.2846838323425414
2.2821407922138395
2.2924535712582865
2.3024575912035177
2.292507181821354
2.26905534254833
2.2703803044896547
2.2405329933407687
2.2574380309413242
2.2622420899700195
2.2531752302060206
2.2582928803422555
2.2565915658795928
2.272998571741946
2.293459142286029
2.273152399915593
2.260398466144029
2.2460037484295077
2.242582341803627
2.257370554157921
2.2791625334402106
2.26080185817966
2.2362829995733593
2.224632422346265
2.248424497384429
2.2459821649263754
2.2447259936117554
2.2407905201017146
2.2295816062749827
2.216866260252155
2.1883733703754396
2.211039414500335
2.2014800337967078
2.2139267333009203
2.2307429558879606
2.193073177737869
2.1479485394358484
2.1664612634302447
2.1432540886590603
2.1387066113053397
2.160762851791176
2.171683479012833
2.185922343078087
2.1731657331438234
2.1985490204144136
2.2002564233938156
2.1988970450827723
2.2051529652857114
2.2280394444175955
2.2259807403402014
2.2180773325193432
2.218772543206808
2.2204816816929136
2.2424624310997046
2.2562348871460474
2.2654399126336786
2.2910074700168046
2.2898320534609438
2.3027568634171702
2.259272524411767
2.266131084873871
2.2585812837688333
2.2718760829759144
2.2713273400630944
2.2451542068428183
2.224618896647838
2.1967811065414877
2.2012164711173865
2.1988782184084994
2.226305276939535
2.2248647028175075
2.21943041607581
2.213686339259719
2.23307468865691
2.2474970088335358
2.2606532310098935
2.2996342278570188
2.2992894924644767
2.3020786943163847
2.2865433818653775
2.257202920485848
2.2272504666358985
2.23966586966824
2.202171907227723
2.1854591483938095
2.1823014517783736
2.1918543327774604
2.1840626133351413
2.168976384792829
2.1909731701220982
2.211260440488288
2.177883653885534
2.1806425246080656
2.1527844505744307
2.1599911587306
2.2305268542907015
2.1971326175263286
2.1939783544405396
2.2454189140072836
2.2254693604127977
2.2249962154176575
2.20265937966078
2.1690474691959336
2.171552413904212
2.191195580284694
2.208123859754805
2.214112646046982
2.19741557717045
2.1682106333311726
2.1437031800803603
2.154836088655947
2.1592002386058113
2.1766590244286483
2.1604044029422407
2.1770788721191736
2.1739183089206713
2.1478650849422647
2.1400786635509377
2.156582356288503
2.165349371887198
2.162288024684086
2.157547550171409
2.147948509669431
2.1789451390262036
2.175950282503661
2.1605458886195157
2.148527586402441
2.125559640907598
2.1895559385141654
2.196036220268128
2.210829509547853
2.1989921692128434
2.183628259329674
2.1929733167190983
2.180715016045649
2.179318215820581
2.1874405249040745
2.157868517126626
2.162464435805938
2.144715206442915
2.1273244128699096
2.141347069731545
2.14954231128972
2.153866031418797
2.1146371806451887
2.1204974714781413
2.1459481811396643
2.1385966656376305
2.149940097893228
2.160691593748295
2.1559503252975616
2.156861807427654
2.1789832681877472
2.169623977500219
2.1391961230605476
2.13913140814052
2.150895523660967
2.165919424406914
2.149648880092352
2.1401878772621052
2.1408014971923772
2.134253952786464
2.1475274922890026
2.1770308751683842
2.1660382019829894
2.1540020038991083
2.1677545179153346
2.1745393548045917
2.132741886086772
2.1133285655888794
2.1293097373494234
2.109868371143566
2.115782781985037
2.100465044124086
2.0798182598863755
2.0742486940474603
2.0845425055866182
2.07719814141704
2.1168229598464663
2.0946575411116655
2.0901168319089476
2.0957980847861233
2.088222133905265
2.0758254430535725
2.071049431100118
2.0855816015046904
2.1120329069193664
2.111697424229681
2.0876962004499187
2.0782868325278896
2.08690730943836
2.084080107208467
2.1155337579401614
2.1489078281196914
2.152157467635127
2.1460687569876926
2.1491710239351174
2.144555160532557
2.1588435880625054
2.1728508206764388
2.1303642519323542
2.1162199984275976
2.1268322291426816
2.1179662887627666
2.1197678800747277
2.121193993261042
2.1483242403213243
2.145900081883257
2.1539511023261366
2.166005433470764
2.153761896906918
2.1411901997653504
2.1231132052256956
2.131495506147813
2.0940317437426925
2.098689392977036
2.118974554527101
2.1278117616539203
2.1540413197039183
2.1664060021888676
2.2022753466911484
2.202060515272194
2.2037791229561035
2.1799359030697656
2.2032898884907888
2.181933155456484
2.1721250729094708
2.2173617066353826
2.2358525299114533
2.2085358227831917
2.1917364240340573
2.2256552955153217
2.2443702540000716
2.215255395106356
2.218241539263493
2.227844058743891
2.215701140040894
2.206544995954855
2.1971904086306493
2.2124293205142833
2.2104107921683105
2.2415104181528696
2.238560618185083
2.21152998398379
2.186613095283848
2.2236848360285153
2.2336054050608434
2.236906093372188
2.235784250144606
2.2383149605010333
2.2512496997755984
2.26078217739328
2.275400122988939
2.2904616487301963
2.2924524059249105
2.295420167497908
2.2976184739406964
2.3030052424909044
2.3277628734099927
2.3308022932100756
2.3220957861671008
2.3013197574480886
2.3024553050745933
2.3037259882884378
2.2721024883668357
2.2684870329462976
2.248015500541636
2.2639769045277798
2.253076424163743
2.2429139997284664
2.251415857965179
2.2700681443995623
2.282170324359931
2.2657284054590674
2.2565929251755747
2.2663053245615608
2.2821075647015503
2.3123099784131504
2.3324228889963496
2.2998202925338047
2.2925970274670546
2.2969565165013313
2.299338892383725
2.338420426406855
2.330453412095143
2.314000602978634
2.3522326188890017
2.34484262964607
2.3577950572934694
2.3619831658974513
2.3430115445801407
2.3426247249544554
2.340577681848232
2.3501285327058
2.362004542761756
2.36255308009908
2.339882050936564
2.3637323368333947
2.3690424426620518
2.3629085816415523
2.3755467384834525
2.3775654120664367
2.3667266279799364
2.357905852025765
2.376027465702001
2.3780005461344507
2.3748972636326267
2.3622527598824936
2.364261525390007
2.364648494026956
2.3741059605374706
2.3514485974411405
2.382249263785641
2.3673210480142677
2.346588925640514
2.3708437403544718
2.3897952236001183
2.3860090410966635
2.392514082030171
2.40330994300912
2.4191129860117555
2.4205426391930853
2.396190551893824
2.379843295770732
2.406700563438451
2.381252542580789
2.3826548579294795
2.4135112083638197
2.4015186442499328
2.408879200857539
2.4179263648028924
2.4030343806289123
2.3823207756749567
2.355858457551389
2.3433864918304605
2.3591434179702935
2.341467275498919
2.347079630220156
2.3364862736579837
2.3303300784259564
2.3232340331225463
2.3401748175007913
2.3288910014045494
2.307634321357856
2.33297974985889
2.3429852065707446
2.3383768177770423
2.343034264519524
2.3435531140213066
2.3341597078156866
2.345671329159423
2.353508654576027
2.3635498665125736
2.36565464864364
2.3399687860262888
2.334244725782979
2.3407976210187673
2.3478341759440986
2.35858396726171
2.36684398945626
2.3518019054850314
2.3576723776801907
2.364151549384085
2.388210255572485
2.4091875803758684
2.389718074218739
2.384828842909522
2.3826995992287388
2.4014218363761897
2.412690801487222
2.4300821467507827
2.4200291772486477
2.4266437866749113
2.418902567947741
2.458131575497712
2.45225417554576
2.4649748497639257
2.4660428222197597
2.4600434064746626
2.451497281435909
2.442101901450357
2.423165580400598
2.4177637184963374
2.427230927406343
2.425066284440451
2.440139245857029
2.443160374708831
2.410853064821252
2.3888897312700674
2.425874663155658
2.4502020049048956
2.4534566169557515
2.459752306597123
2.4514570587366085
2.4424349714592415
2.442245992081771
2.4513836675021072
2.462581442447534
2.473011949838313
2.4506825747378573
2.425756515890578
2.445328748309383
2.4492634448992345
2.426016233184336
2.4206165714332157
2.42014787860599
2.401515418010022
2.404500115467157
2.42484884019897
2.425696930426025
2.4222691001150056
2.410842277587574
2.4327202526384295
2.4468509141607115
2.443426577280928
2.4533026117567043
2.4968512139031454
2.490984614757764
2.4737245982586775
2.44381916769435
2.4036105019809804
2.39936830503176
2.3634183085171743
2.3631444362388154
2.342411219002986
2.2916092794731995
2.296503345324048
2.282042681633084
2.293892243032406
2.3070506762561505
2.2825239185885833
2.2633412825958157
2.2693597913694163
2.2714723388925546
2.3044790338841215
2.291450670375332
2.3297827323065374
2.321022547981646
2.316934536112434
2.3439640309269265
2.3176900229058663
2.3652189614249712
2.3895636840738974
2.3765094677686327
2.3678218753819062
2.3634088676609966
2.3731327146843655
2.3802745767780484
2.3567758876139
2.3404967742861453
2.3699591264696873
2.3631315836920965
2.353631182202496
2.3623690749642425
2.345457273568212
2.3310010853649175
2.3245074513009896
2.2910572126269293
2.303252258258743
2.293440781399759
2.308024356298696
2.2965910901096085
2.327732284919174
2.329641561671649
2.3162621372871657
2.307218084784689
2.3472115711286845
2.3735641600773425
2.394093461401359
2.3517079822121745
2.3725217728813077
2.3827834489175164
2.351399297140757
2.3510993149764245
2.348281036827222
2.3423377050510616
2.3563393247677826
2.3767245551915646
2.34875384655923
2.361959114114159
2.377657435830974
2.376651619253321
2.38292246569293
2.37325223324462
2.3540880217118794
2.3691413313316803
2.3580949914787768
2.364798916756522
2.365067300890891
2.398092734968017
2.4034785505254126
2.420705414827043
2.4302613007504954
2.4138350065895953
2.4204938875743456
2.3822088015818843
2.3970137701688663
2.4033593551049934
2.4000655955223698
2.427617017303625
2.427238073709636
2.444324096813157
2.4120648841174694
2.4055989243284017
2.3662365240792655
2.3286111478350473
2.323366790834414
2.32281450017772
2.3207958493031833
2.3077347991357473
2.3341536956728945
2.343870480890424
2.3588039065881627
2.333592650875133
2.3059994557801207
2.334349853370358
2.3502350451849248
2.3689557967838786
2.3672768981958487
2.3674662859492446
2.3965405072432526
2.3911369493760417
2.3665737778053733
2.3558200304944656
2.365695552596475
2.364178621549281
2.3891662056338965
2.3972915881355106
2.3909122416120154
2.35934945801587
2.3520991914711074
2.340437206848235
2.319389740267451
2.295911804714015
2.2770914552871817
2.2841317398400385
2.290245439904924
2.3209555826769854
2.3097794812456915
2.3192625915283207
2.2840309594197463
2.268727305656045
2.2951299328488672
2.3059871846569333
2.3299023430201404
2.3319916218147654
2.3240028626859863
2.308765854411502
2.3212753696361883
2.339802708414017
2.349983920342404
2.3448792736864634
2.3230136673309536
2.3744002830855337
2.4000043779070404
2.380623143404759
2.373582055697957
2.365044680017244
2.3439875535160617
2.3479617920913713
2.338403346303153
2.32152926294684
2.323099458266264
2.3535309980733916
2.340915013094211
2.3446173192294624
2.3480652387692196
2.3398495544089424
2.3507911344595103
2.365261852036866
2.3229561240702377
2.3029854125271405
2.309867913897412
2.3408928935383093
2.339191235506639
2.3547809642205864
2.3727283769787797
2.3840877809236067
2.4156953560001195
2.4245919548154666
2.4613204017793193
2.456352420168832
2.4870011047164704
2.493013816705716
2.4679690141838746
2.499710932353615
2.4976539787868774
2.4955866156298208
2.4617101065574563
2.4567131084126177
2.4425994202258696
2.4848874306396347
2.4931410158141603
2.5234760633777875
2.5092864373702914
2.508099425371518
2.4763224054919992
2.439193431242332
2.436092530484069
2.4533609959251157
2.438545952788479
2.4145451739730217
2.4065114470501014
2.4290124118223817
2.389238044304381
2.3814711380914035
2.387638316217175
2.385760018261009
2.3671722446620884
2.360819179044096
2.3752472770419204
2.381763400755002
2.3638272613578013
2.372298634669846
2.3884938715407165
2.3826683334707375
2.362264999761438
2.3642938787630183
2.3575660810446357
2.3568739496488798
2.3511024045641298
2.384468898163393
2.3834767647850317
2.3840839362459434
2.3892889421375414
2.369382472526967
2.3715745600885323
2.3660981033568333
2.350539395178269
2.314627860354077
2.282587549238182
2.2917504414113785
2.304759228200812
2.296948722137014
2.292680369829602
2.2912033564963172
2.2847633594714236
2.2854452101417526
2.2870578848911767
2.288086925150529
2.2776260464515956
2.274268072910998
2.2408760911447705
2.282447992883433
2.2755024853998282
2.2788732463003134
2.2478241500313967
2.251693244983866
2.2773373214011183
2.277720062579512
2.311585978581943
2.2930673247105484
2.333992880484428
2.3367856089707635
2.3641016519997917
2.3891793589397263
2.376875519432561
2.4177049042560914
2.4264251744201397
2.4398421256551415
2.4203943406424075
2.444453310712614
2.446447482685284
2.4416138053040672
2.4264377953860885
2.416513833681114
2.4384029267115945
2.4522138246330933
2.4386233352576725
2.42862424425411
2.406237156594107
2.41357109908868
2.3983721740157593
2.3771535052984554
2.360503511568555
2.383548325764345
2.380373348977749
2.3428854410555826
2.3695928054221205
2.384914932515391
2.3646190592208085
2.363741191004898
2.3669021481238453
2.3664184114012388
2.359370948194408
2.385435430753708
2.34450742314786
2.324898565460849
2.3164936748830756
2.330613349518687
2.317138653878205
2.3375990987456285
2.3306226835688175
2.342033149046349
2.313904603336883
2.30278791279223
2.2937720972619093
2.303222218619769
2.284023060207392
2.3006520942716513
2.28255786519669
2.279000377788874
2.2877038958371263
2.2639619991309323
2.278296640660815
2.2858571286635883
2.2991351985854003
2.2782467667877087
2.2799328426886394
2.2885854676749924
2.309961317669651
2.338202398852829
2.3236175875430676
2.304003983706152
2.305165325092057
2.3033943050521537
2.3063353370473223
2.295218823023175
2.2762800307977913
2.2915120988722615
2.3235103939496584
2.3369209287316757
2.348992782067043
2.3555423034503105
2.323237132953553
2.3292356572960577
2.3322417657732677
2.3476264613080353
2.33853483995995
2.3756053309339813
2.3685415761646373
2.392162013280712
2.4014910062185177
2.387391234336628
2.398416547251462
2.3957457871544623
2.4081137112401563
2.412274426266783
2.3848601334584516
2.383019770745787
2.381865063848334
2.385793345369367
2.4375355812599038
2.4674124845719563
2.4648935848260756
2.5314879991042445
2.5326355213434923
2.523852450973925
2.523459225796267
2.5568132004876176
2.5305685078601856
2.5119793548575524
2.527284766708843
2.529316736902885
2.500300677941839
2.5003565781227444
2.4760909632468318
2.4753689719770917
2.423383755367942
2.3796505113236175
2.3855233268454987
2.379927079057669
2.372644060031352
2.3806058019089136
2.351626651394894
2.3682081526180974
2.3637468611310894
2.3846772612626603
2.4004941057812843
2.382585671974477
2.4179129225422535
2.438032236521386
2.441143231490334
2.4288772918317734
2.426516453601786
2.4249679806407727
2.4228844192327137
2.4394085027845187
2.4243758384012515
2.4364737914704295
2.4413060959880184
2.4397382564006147
2.4808546826097078
2.4610887358154563
2.452461378426395
2.436700784328198
2.433151811681106
2.4019697845592214
2.401629006263709
2.3666439518617914
2.3286453634720807
2.293792154781086
2.3012416590487748
2.333692236933262
2.3252601464003515
2.325730621762182
2.3152214211048983
2.334469919707579
2.321194516379102
2.3063536353344696
2.326771310465636
2.3350588195264734
2.326711700522509
2.3079642438798524
2.3098952031364113
2.3421931224180303
2.3724450292788926
2.3806909023683724
2.388556941105834
2.37433835256315
2.3810403530751034
2.3625401510007786
2.336936581851871
2.3627975880485
2.360280118533403
2.3436012347260946
2.3472842647929593
2.338892311854039
2.3101274558048055
2.335915846906024
2.34449034714904
2.353683822280218
2.3482685530497562
2.3508170388168077
2.3419019448437752
2.3178407081628976
2.329044198145415
2.31268293826889
2.3025256648663195
2.3029830455320166
2.3244517056607314
2.3183137915746017
2.3452126384982335
2.362306864675285
2.38855048662273
2.416048067760291
2.4183875021938745
2.4083416962633413
2.401058654686754
2.430219315114816
2.3985037119463906
2.3958054144450474
2.4001979302629386
2.4058241643228135
2.407032182041769
2.389285765872788
2.374098829583174
2.3616738838320352
2.3584299947245193
2.3631743892267743
2.3505744751570474
2.355961689114718
2.3512468536679543
2.3609453618116394
2.416765010942995
2.4107693281859914
2.4188890260006617
2.4445491217671393
2.46220673409807
2.4230811093315308
2.4393976370924078
2.4426003834129837
2.42621913474279
2.4286137650372406
2.4435835988243326
2.4449250303991468
2.4502337585807243
2.470213483638334
2.4403988485888526
2.4261941280928094
2.4119309236078643
2.4194421063210747
2.4281144549002063
2.437773859466938
2.412734241559727
2.4056737695323593
2.3979292858474084
2.3869515806610377
2.37973770690998
2.37123567151557
2.3777942632336666
2.3746527014670566
2.346458880399663
2.3746572152628933
2.3739079765358104
2.3696896618908148
2.390262840018662
2.38440630011586
2.373534139342862
2.3918425075655865
2.396505286937388
2.3903766200180643
2.4151244637137586
2.4302128730565595
2.428107465632528
2.432727268384494
2.439420150565424
2.4405498934157084
2.4381631969724036
2.4174891232427997
2.4177652754491246
2.4125875045814067
2.375708736814056
2.345096468395471
2.3357433272011052
2.351927322209678
2.3786954001934646
2.3678605124472782
2.363125780970531
2.362209269859004
2.379655164713385
2.3851837056629406
2.3809773358086903
2.3500613457316506
2.335991175274415
2.3245689211100706
2.3199025574968792
2.308848169908094
2.2825679670680903
2.300794123627058
2.2982448295412334
2.273526401016473
2.2712869813629237
2.2727400955377624
2.266692300671772
2.2473953483963625
2.25210452249749
2.289696435971765
2.24394070526062
2.2223173969900727
2.229124902529329
2.233700863786609
2.2029602379418605
2.208936087215749
2.199852214440649
2.1792958609551447
2.1908634428140203
2.1864765150897982
2.2080586372670212
2.202253983019839
2.185605297915915
2.152301943590234
2.155579619289362
2.151398842698796
2.1512261160310353
2.097059975153715
2.1116783698855324
2.121775894596533
2.155383776569373
2.1614087036310408
2.175393727308504
2.1775797101524392
2.145004584439373
2.171344535138182
2.194483200013281
2.188369905298152
2.183783316235635
2.192516119667562
2.1829285707843415
2.2170090057295746
2.2143242298896815
2.2193517227127457
2.2218854348059205
2.2331468279320186
2.2177244250137496
2.213212049872458
2.2060340068315005
2.2257502218681933
2.2117122560255367
2.2440698429659887
2.238496842593665
2.205693257318671
2.2090566999947967
2.2183382304659016
2.2463147385339037
2.2566636808323133
2.2864581327544613
2.2881812803683723
2.309663715945354
2.306071043935221
2.335599401143587
2.317920400100749
2.2876291502883506
2.303206345920842
2.3167273655595992
2.2905150257472435
2.2759941336933127
2.272840098457597
2.245192074467526
2.27732801304367
2.2608641541857097
2.293185863461452
2.304980728868335
2.3195086421783904
2.3005274026415896
2.286169491633957
2.3354506927364755
2.345737923122747
2.327120025089848
2.3221524510601963
2.330661614064428
2.3245409011997613
2.335793130515059
2.311903740261575
2.312683497649694
2.2940612798236653
2.3048969901468626
2.314943656681141
2.3232116741009556
2.3548576897953106
2.351065450270224
2.3367505085769045
2.3227483618895843
2.3437114191522426
2.322320080894189
2.3235389077292647
2.3621914543078852
2.3765952200721405
2.3558777159930515
2.3169406023571124
2.3101308163930216
2.349559982850608
2.360288163424546
2.3598530315916078
2.3513819992393694
2.3662431582849033
2.3411597593290407
2.3582734785383344
2.405297438937337
2.4565266743176712
2.437929416963802
2.422113928509169
2.391374835248375
2.37458694856765
2.392637490076483
2.4042042431158324
2.4034085381359724
2.4154659384057187
2.3883738654687234
2.412723311328143
2.399552570167911
2.397148100426256
2.4355361977623615
2.4364063472026007
2.4170458170087463
2.4220646858501045
2.4069535370935875
2.4306130127032515
2.4417865139600656
2.4301154926598705
2.4346532962061165
2.436293307681696
2.4213393333290427
2.4296995986576437
2.409190889743855
2.396700790735091
2.4362003383790283
2.423348508524421
2.4556561501627674
2.4672857399253814
2.469143176371614
2.4474038886909364
2.46109126403997
2.45624980148405
2.452096494524971
2.477157578897767
2.4894126860728147
2.5100172687485527
2.5047406364929317
2.487849707780873
2.521688585217197
2.547435515561136
2.5289470218607604
2.5044530872630073
2.5140450885768444
2.518325880225162
2.516156587936463
2.5175741975051538
2.5152380376349965
2.52341509053399
2.505038035077853
2.503943794149611
2.5013099882008
2.515291586836235
2.497443890108719
2.5114732419276287
2.5015205857969796
2.499696305347991
2.4763907880535685
2.4922362729467644
2.4901508428508037
2.4857492055179407
2.493879562104232
2.516936175136277
2.541810510071042
2.513494251519684
2.5337776599966153
2.5412823972342844
2.5428871536188997
2.521888836212798
2.5176716241403176
2.515372794170087
2.5223547683557213
2.5368435203561273
2.5463920521273082
2.5560214864622646
2.5684893214031375
2.5449528398072725
2.554272411215077
2.580962135496859
2.569466187810643
2.573927564827754
2.609021574440534
2.6243350802028544
2.596233256438881
2.622926883825465
2.6088754925558506
2.5848722633686756
2.592695298211491
2.6012205781973488
2.6056965510189927
2.584693502016096
2.599473967077068
2.5440749626835077
2.5188203689542465
2.5543777213735903
2.5525286449527576
2.509918314603011
2.5328401468165223
2.5468387349337775
2.5264808884511503
2.4988533685226515
2.495539163046492
2.4958494710551413
2.482587545575662
2.4660580378931836
2.433951880489201
2.4395100500762803
2.420339596011294
2.4439047099534834
2.4265736864544887
2.45174323665694
2.4263300286442075
2.41089891409302
2.408915544042411
2.4434752504943558
2.4055616893573455
2.4426517586572207
2.4517232852680793
2.4445624776032573
2.4367241301473808
2.4288085930892476
2.436882582195652
2.449842205277876
2.4728893579222073
2.4536150249349085
2.4244742776743444
2.399363977095305
2.417162101218145
2.4118674922377217
2.431046332917826
2.438570106298097
2.4298951157002806
2.442556452679557
2.4249927967215457
2.4003429983666287
2.378794082916941
2.3947992941689935
2.375380971959603
2.3635823962599116
2.378711980498701
2.3642128230160084
2.348061573827347
2.320990778859534
2.3354479689000174
2.296603246439679
2.298827167958392
2.305759275721803
2.3412547872523937
2.348436329852205
2.3495875394212646
2.330631969755418
2.320697226889836
2.318704050971693
2.364959937523702
2.337561919088736
2.332335811261614
2.308713194336211
2.3006393434045074
2.2944274403389198
2.2765169008087267
2.295424555749032
2.3073739632006816
2.3423543166877887
2.3640969165149253
2.3355535604554887
2.3664949707319893
2.3512165972721015
2.3487818444170996
2.2991413821048403
2.2672443195540195
2.268927763573387
2.2592106882023315
2.2487763172033124
2.2841463225131977
2.273731865318944
2.2934098770967832
2.2737643769577054
2.294297935037396
2.2955982247145594
2.2531357299146206
2.2526685122438477
2.2553549575659444
2.235838647195946
2.2422056484229804
2.2367225992961948
2.2155204751419677
2.260057395041017
2.268600732201311
2.280191790421354
