2.334402858126988
2.334401792988575
2.334401211847173
2.334400270400642
2.3343969807723557
2.3343942480815727
2.3343998695856976
2.3343959102779333
2.334401953819002
2.334402221337222
2.334404396994014
2.3344026062874375
2.334402972299423
2.3344069439554493
2.3344044167394107
2.3344012085642287
2.3344037474479653
2.334404816901895
2.3344036762465215
2.3344060354973277
2.3344049750884635
2.334402718926842
2.334402199852821
2.3343979161723314
2.3343943153602336
2.3343959095409397
2.334394326390082
2.334397007251592
2.3343947384655923
2.334396292276257
2.334399498091144
2.3343974503757283
2.3343974393359574
2.334400504882843
2.3344001984356946
2.334400432133674
2.334401178254766
2.334404272793941
2.3344051083960515
2.3344055117053153
2.3344032337334566
2.3344012552644764
2.3344021777124087
2.3344020981380478
2.3343970249216013
2.334398949227117
2.3343992378350658
2.334399045818092
2.3343993683388358
2.3344014065982917
2.334402950515598
2.3344022979955024
2.334403711139637
2.334402313838486
2.3344019631143613
2.3344013515112896
2.3344041302257623
2.3344035897357704
2.3344044560343833
2.334406585535746
2.3344110795118094
2.3344100313178417
2.3344078095585714
2.334404370980944
2.3344008511338563
2.3344014351861393
2.3344016132999874
2.3344013830497854
2.334403156687415
2.334405679584043
2.3344024702990405
2.334402302285364
2.334400578367712
2.3343995042418166
2.3344034680860832
2.334403836046285
2.334404203277291
2.334404104802805
2.3344042687357454
2.334406121528888
2.3344048717939017
2.3343994071730556
2.3343953287979535
2.3343966030582486
2.334396454482273
2.3343961399108166
2.334397706794652
2.3343975605708045
2.334398690291661
2.334398620510024
2.3343980716327883
2.3343957441081344
2.334398490527423
2.3343967607414093
2.334397962905305
2.3344018575737713
2.334404741130806
2.3344057450132474
2.3344042251273858
2.3344076278801857
2.334407002074304
2.334403987200327
2.3344097668857087
2.3344139092929943
2.334413792450533
2.334416177357413
2.3344146095271863
2.3344130063388273
2.3344139478234234
2.3344155689626334
2.3344157811904873
2.3344164879961826
2.334419499442727
2.3344180256153333
2.334420370636371
2.3344190841869827
2.3344163800146296
2.334415808321962
2.3344150678071296
2.3344179429393037
2.3344159411764887
2.3344177743620396
2.334416286003194
2.334414343607726
2.3344113395034705
2.334406385728623
2.3344048367158203
2.3344075211344077
2.334408220103652
2.3344080625086887
2.334409498889695
2.334408294324238
2.3344074744209156
2.3344088194185106
2.3344112364063574
2.3344092195549364
2.334410197581939
2.3344112475430476
2.334410609986789
2.3344111843070903
2.334409132731651
2.3344078147008323
2.334408272311188
2.3344069545819712
2.334407165578655
2.3344049631684065
2.3344038688475575
2.334402546711577
2.334406138198815
2.334405334412723
2.3344060232515598
2.33440558843752
2.3344017563429738
2.3344010430652005
2.3344004387638337
2.334401310432981
2.3344001651129327
2.3343985688195423
2.3344016656758027
2.3344007758572975
2.3343987274011724
2.334395948621705
2.3343947955397977
2.3343967407672626
2.3343952844576976
2.334390442662557
2.3343931815920342
2.334395443436114
2.3343935955552357
2.3343911920159224
2.3343951656274657
2.33439450915292
2.334397721671279
2.334399434725579
2.334396879114295
2.334396874067961
2.3344005112283357
2.3344035379023222
2.3344067646060043
2.3344058501281846
2.3344039116167963
2.334403796917662
2.3344046713191346
2.3344013149037357
2.3344016877439016
2.334400364184262
2.3344012508774905
2.3343980924218344
2.3343994426798895
2.334397880469438
2.334402435983702
2.334402422017664
2.334405023782944
2.334404576408165
2.3344027822030284
2.334403357901704
2.3344042410041324
2.3344055261291
2.3344087578584385
2.3344083361463777
2.3344074016538725
2.334406793685945
2.3344066767525167
2.3344051593373507
2.3344053700283425
2.3344064523746324
2.334402311120179
2.3344028278321245
2.3344025838744655
2.3344021719557055
2.3344036204287035
2.334401178062761
2.334400517942432
2.3344023091184547
2.3344017973746385
2.3344010540029565
2.334398223297442
2.3343979669893016
2.334397084320602
2.3343988203183623
2.3343964895327387
2.3343955980846434
2.3343957529956034
2.3343959147493556
2.3343967145912035
2.3344000140059
2.3343993652113944
2.334399939926894
2.334399051775257
2.3343976189474733
2.3343961181815676
2.3343961123391654
2.3343949231265646
2.334392541502164
2.334392291056899
2.334395402361639
2.334396771034407
2.334396107742345
2.334394546837292
2.334398029079048
2.33439966296116
2.3344015766011568
2.3344025176493433
2.3344015864411514
2.334397693680417
2.334393040066945
2.3343933653846882
2.3343928399739426
2.334397133426593
2.334398689617954
2.334396969676205
2.334394619174174
2.3343946327772804
2.3343992286300534
2.3343987302896836
2.334398573624743
2.3343991645777815
2.3344008779080223
2.33440205725809
2.334402776582832
2.3344049384759233
2.334408072547754
2.334410428781321
2.334407710997481
2.3344061201664603
2.334409420086379
2.3344096231708598
2.334409536419899
2.334409252702153
2.3344084713590325
2.3344067805598487
2.334407212640924
2.3344066605027876
2.3344053406614886
2.3344078227350207
2.3344102238779314
2.334410456214995
2.3344125387446755
2.3344115421698497
2.3344103353715235
2.3344111958690217
2.33441395539755
2.3344136299735867
2.334413660783954
2.3344160665631692
2.3344145188572867
2.3344136936313804
2.3344129526565016
2.334414960066668
2.334414677278882
2.3344178893224186
2.334417248723988
2.3344157054326793
2.3344149097307123
2.33441675835688
2.3344171154443574
2.334419219791387
2.334418453547652
2.334419581439552
2.3344174611227784
2.3344175894821015
2.3344209482753584
2.3344210314994354
2.3344219878273345
2.334419533535379
2.334419715326927
2.3344138747911964
2.3344155916777924
2.3344152974517742
2.3344175672555183
2.334415468666879
2.334411059838487
2.334411079082968
2.3344108813051108
2.334414858112002
2.3344139354496196
2.3344109320268767
2.3344091472664776
2.3344056450746513
2.33440627034011
2.3344054832207632
2.3344046756089614
2.3344034551591784
2.334402205415419
2.33440123272721
2.3344010365207124
2.334398963603496
2.334399253064554
2.334396897233687
2.334399092471188
2.334398640876092
2.3343998418643004
2.334398178343913
2.3343952568894655
2.334394792418631
2.3343931857632336
2.334394013985989
2.3343898803555976
2.334389686676585
2.334389656692726
2.334388937913633
2.334391065333301
2.3343907011279006
2.33438837356928
2.334389309517692
2.334391375483602
2.3343927897820547
2.334390681120007
2.334387122372718
2.3343863504320854
2.3343878238182105
2.3343874074994018
2.33438636323716
2.3343860806684114
2.334387409544861
2.3343878489769048
2.334389152053816
2.334386410591199
2.3343873070966987
2.3343885096339214
2.3343869919498728
2.3343864351217367
2.3343832473884896
2.334380413673981
2.3343790600043337
2.334379199061392
2.334379107405028
2.3343782097082
2.3343783395757716
2.3343803966524823
2.334379609361757
2.334376875270384
2.334376984818572
2.3343787202245347
2.3343789904182137
2.334380194076671
2.3343828678127845
2.3343834831237382
2.3343814675949544
2.334383202990485
2.3343832419049684
2.3343848082735503
2.334384979489636
2.334387713669894
2.334391781327574
2.334392607467734
2.3343944123479425
2.3343957110044675
2.3343917507158767
2.334394168099672
2.3343946546012084
2.3343953402567603
2.3343948833894093
2.334394436598258
2.3343980795386123
2.3343977484023353
2.3343978965131607
2.3343998339689422
2.3343984959605732
2.334399609036034
2.3344022883806397
2.334403343043092
2.334404853656074
2.3344063574282807
2.3344080982975077
2.3344076972398358
2.3344117463675125
2.3344146123846397
2.3344176545196116
2.334418167886465
2.3344157900485927
2.334417277795014
2.3344144248830614
2.334417365473642
2.334417964951494
2.334418872431579
2.3344191835226655
2.334418726355599
2.334417649248397
2.334416750042235
2.334412709141058
2.3344139117090914
2.334412833402817
2.3344126315722815
2.3344102978034647
2.334408548455679
2.334407982294417
2.3344059820047134
2.334407132605301
2.334406284543177
2.33440730489668
2.334407790924445
2.334407985662635
2.3344080738921336
2.3344097472148344
2.334410011617393
2.334408039197523
2.3344101228497096
2.334408849151669
2.3344071594541926
2.334410219542635
2.3344092760187616
2.334408820860921
2.334407458816261
2.334410561528478
2.334410106992846
2.3344075583887447
2.334404868210482
2.334402608532386
2.3344017363476994
2.334402029733405
2.3344037064213468
2.334403020648878
2.3344033523015795
2.334401165022434
2.3344026316471904
2.334402488622733
2.334404546850634
2.3344026170414347
2.3344008381445636
2.3343999911351205
2.3343996997338152
2.334398316380908
2.3343997625486503
2.3343994260163137
2.334399336702828
2.3343993002930916
2.3343989260805467
2.334400769619716
2.3344003514735645
2.3344016243699888
2.334403103837948
2.3344020086040103
2.3344013598655846
2.334401291556146
2.33440373183497
2.334397984114548
2.33439835950856
2.3343965101283457
2.3343953767298324
2.334397633459551
2.33439596813887
2.334397679506693
2.3343983931846375
2.334394529634609
2.3343923367477215
2.334390817290073
2.3343889050868136
2.334392391438486
2.3343911689033803
2.3343933036881266
2.3343925210583687
2.3343925347711267
2.3343907273623015
2.3343905464711474
2.334387710907042
2.3343876500996363
2.334389617186643
2.334389070274503
2.3343891583750573
2.3343901690269195
2.3343924390319937
2.334392141174831
2.334393226913764
2.3343932073961566
2.3343969174591552
2.3343977479668023
2.334392721232948
2.334392469565989
2.3343896815798937
2.3343925447495897
2.3343953339854844
2.3343949314727337
2.3343983116681826
2.334399079088425
2.3343986474858918
2.3344028621570336
2.3344043462522173
2.334403336850058
2.3344052215824127
2.334404635902586
2.334402315411914
2.3344012990841274
2.334402039021541
2.334402351972583
2.334400492213272
2.334402916840972
2.3344016768272238
2.3344006080499753
2.334401387307675
2.334401904571514
2.3344041982607213
2.3344041759991967
2.334401183729422
2.334404075014627
2.3344035045186535
2.3344044557361237
2.3344057308550115
2.334405822560458
2.3344102758658787
2.334410893764293
2.334411280658436
2.334409313855903
2.334408897547221
2.3344120314921333
2.33441451649587
2.3344124496246472
2.3344135246213256
2.3344137964987484
2.3344131686036524
2.334413605675465
2.334415749766614
2.3344165695256542
2.3344184850812075
2.3344166435549845
2.334418155820747
2.3344177287580976
2.3344167840836967
2.3344168080214898
2.334416982307623
2.334420885535786
2.3344226279476357
2.3344199921808926
2.334420562535138
2.3344194080796195
2.3344180649963793
2.3344197985430806
2.3344202065677164
2.3344189576897074
2.33441757959692
2.3344182248077527
2.3344184776487857
2.334418806636483
2.3344181302546834
2.3344169658768106
2.334413848422262
2.334412625174086
2.334413462458859
2.3344126878292344
2.334413344699207
2.3344141598544623
2.3344155552461183
2.334420603188721
2.3344198842211656
2.334420477264414
2.3344210481208028
2.334420989515151
2.3344219462460143
2.3344235639194144
2.3344252509718593
2.3344231707746768
2.334428138169973
2.3344300514007994
2.334427550463057
2.334427320307405
2.3344262656707664
2.3344253559301102
2.3344255158383
2.3344262118848516
2.334420926836906
2.3344190471053996
2.3344212185693736
2.3344221637329765
2.334421916065955
2.3344156089519674
2.3344175678704344
2.334413829533167
2.334410357088619
2.3344116851289347
2.3344118430990517
2.334411156236551
2.334409550035392
2.3344099658223656
2.334408505705185
2.334409645202393
2.3344085101026515
2.334407998343
2.334409651048447
2.334411624553967
2.334411282937378
2.334409339772315
2.3344076433556875
2.334409403707542
2.3344143327404274
2.334410135275515
2.334409043831246
2.334408705541998
2.3344085078320957
2.3344081761493163
2.334408075782148
2.334407988338219
2.3344086902353243
2.3344118980845012
2.334408540074509
2.3344080749001184
2.3344093143096867
2.334409814198816
2.3344121000978535
2.3344123920604547
2.3344170176206958
2.334419031474072
2.334422336035386
2.3344240106029015
2.334421486491202
2.334422829695353
2.334424635047228
2.3344239949078176
2.334426720706652
2.334424859512797
2.334422537770529
2.3344258123749118
2.3344236750655876
2.3344202592489895
2.3344192166793376
2.3344169405906388
2.3344153303388184
2.334416736404242
2.334416428031949
2.334416260059953
2.3344167419291177
2.3344158121315086
2.334415127179883
2.3344148861984038
2.3344147892418685
2.334416107910155
2.3344154746105663
2.3344161337561147
2.3344212341538566
2.3344223063754623
2.334420701050519
2.3344198996411123
2.3344200210636856
2.3344235225493914
2.3344287279004186
2.3344297922222736
2.33443038297516
2.3344301674946455
2.334434645552334
2.334430740882212
2.3344285663624347
2.3344261828883277
2.334423784057452
2.3344228285071584
2.334425820592447
2.334426663794588
2.334428183162798
2.334423260588757
2.334419382328945
2.334421007359834
2.334418438862883
2.3344203094476157
2.334421186569007
2.334420803153257
2.3344175871536823
2.3344161589273176
2.3344137046135964
2.334411863273739
2.334412098345389
2.334412014513928
2.3344113892940803
2.334413568944852
2.3344097974679303
2.334411048707581
2.3344120144690796
2.3344102242906275
2.3344093017653518
2.3344122052339267
2.3344137826499294
2.3344120201449923
2.3344105201984515
2.3344104944298736
2.3344111698384333
2.3344106931301516
2.334412496166131
2.334410976023008
2.3344135563638257
2.334412082445305
2.334414011318939
2.334414744928798
2.334415267684882
2.3344124379626674
2.3344103130879263
2.3344098453623507
2.334411204910756
2.334411953811593
2.3344100899809384
2.3344106606697
2.3344116650663853
2.3344088883474403
2.3344090536485815
2.3344098248208036
2.3344088502600595
2.33440930573157
2.3344080650970365
2.3344090964061155
2.334410039573711
2.334409588102565
2.3344084062230124
2.3344105478901556
2.334409352129414
2.3344082222440243
2.3344079279092393
2.334407762431226
2.33440735800149
2.334406189723634
2.3344040384767037
2.334404952097814
2.3344027565970813
2.334402482012126
2.3344042598048795
2.3344043090520623
2.334405171824295
2.334406155803386
2.334403479168845
2.3344024998621293
2.3344041595174985
2.334401907236195
2.3344016640768
2.334403363173883
2.3344041600951124
2.3344051226459914
2.334404108242193
2.334402856581516
2.3343999871591814
2.3343968479487036
2.3343953428296804
2.334396920669786
2.334397295879108
2.3344001342223883
2.3344027696336926
2.334406077376826
2.33440604700966
2.3344091610465068
2.3344128182067663
2.334413724498437
2.334413290231051
2.33441388416176
2.3344120040467273
2.334412153256957
2.334410658588503
2.334409592477997
2.3344115777483667
2.334412422770025
2.334410962686791
2.3344115024811845
2.33441107747993
2.3344104997686235
2.3344081850708873
2.334409564696375
2.3344085441430362
2.3344081539707533
2.334405589771468
2.334404447303803
2.334405166366202
2.334405403457949
2.3344059587943016
2.334408521209329
2.3344088970333656
2.3344065571610955
2.3344041559012503
2.3344077961647725
2.3344071200649945
2.334407523655189
2.3344063372735167
2.3344083457488014
2.334409255204479
2.3344102420491697
2.334411457846695
2.3344109639189496
2.3344109846051784
2.334410316397852
2.3344120167458575
2.3344139613656014
2.3344134662377054
2.334413867282303
2.3344145560048504
2.3344109940818303
2.3344140660562185
2.334413613379683
2.334410725621525
2.334408924707908
2.334409225958795
2.3344061394128515
2.3344106976805747
2.3344077440511724
2.3344059806942905
2.3344084944706145
2.334406883260611
2.3344067155021024
2.334402095713188
2.334401810101065
2.3344001488856376
2.3344028999759714
2.3344056072148405
2.33440643689935
2.3344067620586193
2.334407964017277
2.3344085338694596
2.334407407498253
2.3344072975008894
2.3344058251398687
2.3344057634052673
2.3344060893495757
2.3344012610905525
2.3344002854370274
2.334398677034749
2.3344029153931696
2.3344079537116285
2.334408148954967
2.3344039935652416
2.3344046844398934
2.3344033030558937
2.3344021841803904
2.334399779968349
2.334401378021868
2.3344015492514427
2.3344014540899733
2.334402327280743
2.3344013807651267
2.3343995870066103
2.3343999615469375
2.3344004294831833
2.3344017578841147
2.3344015430602587
2.334402951009615
2.3344000245672083
2.3343999948142113
2.334397479722267
2.3343980400445563
2.3343964977222766
2.33439822438897
2.334399037921819
2.334398065447314
2.334400198079093
2.3343982894499673
2.334397022188069
2.334401809108904
2.3343983426816988
2.3343997427420917
2.3343995684868872
2.3343963049495082
2.334396807577555
2.334394158711052
2.3343929756959088
2.3343945932216155
2.334395191652526
2.334395420867822
2.3343926354596327
2.3343929935009204
2.334392185064523
2.3343933560984382
2.334389730171054
2.3343900843185135
2.3343934673698343
2.334394633112308
2.3343986220431194
2.3344015295047007
2.334402980205866
2.3344010432971145
2.33440328948487
2.334401971380758
2.3343992112797873
2.334400901952983
2.3344026649138585
2.3344038839394203
2.3344041847320183
2.3344037592105926
2.3344059233112358
2.3344069613690874
2.3344071100421417
2.3344101593932507
2.3344126187598664
2.334412037660644
2.3344116991126995
2.334411422060391
2.334408519043269
2.3344090624435268
2.3344116243382804
2.3344116912995974
2.3344125629042405
2.3344113401055457
2.334409279843074
2.3344106119688224
2.3344081631914766
2.334411557973296
2.334412987712169
2.334411079346413
2.3344110809379184
2.3344128674186173
2.334417147462325
2.3344157983760847
2.334413613501014
2.3344131610524053
2.3344119594995147
2.334410824937851
2.334409966883394
2.3344101833257764
2.3344121337531165
2.3344079462991716
2.3344070002658834
2.3344042814648245
2.33440573457031
2.3344083921881436
2.3344072635520745
2.3344067023050665
2.334405942054955
2.334404188192708
2.3344028920018016
2.334403637113045
2.3344014572616336
2.3344020726987686
2.334399888003803
2.334401041836591
2.334399918603906
2.3344003633949844
2.334403164515783
2.3344022866969762
2.3344004495235184
2.3344039916586152
2.3344059989610573
2.334406780333236
2.334406421083884
2.334404316071599
2.334404367862677
2.334404127809504
2.334402787918552
2.334403581773238
2.334403079843856
2.334401163577172
2.334398163836303
2.3343990146153746
2.3343987498501746
2.3343959368149756
2.33439774551737
2.3343963554973586
2.3343953846987158
2.3343962475135163
2.334399270625058
2.334397162102615
2.3343981792408517
2.3344001427026613
2.3344002566047295
2.3344007534242928
2.334401258587793
2.334402876071287
2.334402313734853
2.334399491731618
2.334400502108781
2.3343984628693955
2.334399743503788
2.3344000410083674
2.334401703571927
2.334400011683098
2.3343987794913748
2.334397817409979
2.3343999346764788
2.3343956719904853
2.334401137966029
2.334400569868596
2.334400892517466
2.3343993885623724
2.3343943739525757
2.3343952917696615
2.3343937070713734
2.3343914364003027
2.3343875016505082
2.3343918054349464
2.3343927725535107
2.3343920386220525
2.3343938972856075
2.334394284628753
2.3343937018782155
2.334394809040606
2.3343937791035656
2.334395461984524
2.3343934331112486
2.3343884730909545
2.334387383481893
2.334387889849084
2.3343893349512816
2.334390997102653
2.334390775683708
2.3343941184940316
2.334392390905805
2.3343926861010114
2.3343919095229904
2.334393603772127
2.334392370340325
2.3343932311603752
2.3343942450116746
2.33439248582537
2.334390356670985
2.334391893952679
2.3343919980232752
2.334391046300105
2.3343918083821675
2.334393192981001
2.334393425784536
2.334394043175208
2.334396204576796
2.3343957374747983
2.3343959921655726
2.3343972290960284
2.334399772297253
2.334400358259181
2.33440274961143
2.334403860763491
2.334404907171113
2.3344061298199974
2.3344034078055107
2.3344048317764043
2.3344037842900742
2.3344028953878206
2.3343999515311897
2.3343990425477483
2.3343989601440285
2.3344007475864057
2.3343988454431015
2.3343984439803958
2.3343980530004513
2.3343987436367026
2.334397973401219
2.3343985371983607
2.3343983188216333
2.334398181392067
2.3344001069431544
2.3343989135676764
2.3343991123861407
2.3344006093085623
2.334399324731329
2.33439964169114
2.3343977124585713
2.3343976875031567
2.3343995998426292
2.334396697030937
2.334396018728301
2.3343944866291237
2.3343931604110217
2.3343944841212565
2.334393808687307
2.3343941733575155
2.3343935339701978
2.3343910649138793
2.334388934136291
2.3343887781308426
2.3343899637668515
2.334390734863098
2.3343918793930154
2.334395672890101
2.3343921424517076
2.334390116335623
2.3343874685683677
2.334387886477569
2.3343914809429522
2.3343873741814525
2.334387264985257
2.3343889820591173
2.334388070228968
2.334387903004697
2.3343839670185136
2.3343862993325537
2.334386905882455
2.334387154656341
2.3343852063106123
2.334385871725604
2.3343868021889933
2.334383423349365
2.3343822440455977
2.3343815900101057
2.3343825044218076
2.334382031464095
2.334380443450039
2.3343831866267917
2.3343856563253906
2.3343867276073773
2.3343907567364153
2.3343948087273376
2.334394320963267
2.334393924393157
2.3343909309070234
2.334390688461159
2.3343947656613753
2.334395624270569
2.3343967363038782
2.3343944551150444
2.3343970225151067
2.334400337905445
2.3343997554945006
2.3343980498643315
2.3343995796938874
2.334401448248305
2.334401938529186
2.334400655383652
2.334400057300955
2.3343955430921963
2.3343957901311687
2.334395200178659
2.334395200113577
2.3343937881570858
2.3343924478029394
2.334391144452743
2.3343927063314176
2.3343964548645535
2.334395172454808
2.3343943627509898
2.334393027723977
2.3343927850877715
2.33439276166021
2.3343917442346944
2.334394210100954
2.3343944866617385
2.3343975975958298
2.3343992087150363
2.3343982698210826
2.3343985012532373
2.3343986191406656
2.3343979833899375
2.334398058271133
2.334398929670348
2.334397818245975
2.3343978063611184
2.3343989293173144
2.3344006218723994
2.334398301408446
2.334396715366111
2.334397228577784
2.334396328536528
2.3343970740098774
2.3343957724510114
2.334397890918154
2.3343963419304705
2.334395743156537
2.334394867648915
2.3343975536186323
2.3343993713851474
2.3343997209768754
2.3343984374752407
2.3343999582575106
2.3344009921395594
2.3343993908509963
2.334398138605044
2.3343968402080812
2.3344010222221923
2.334401404854714
2.334405016588896
2.334401686435297
2.3344012638994625
2.3344009207014564
2.3343992870659496
2.334401610089064
2.334403237926687
2.334402531638826
2.3344013198164264
2.3344044309027963
2.3344033050569286
2.3344005032287405
2.334401305059362
2.334398611886444
2.3343999023937614
2.334398017199049
2.334398741274764
2.3343977807771927
2.3343970241172003
2.3343980118468317
2.3343958298248695
2.3343966967508236
2.334397149831347
2.334396075531791
2.334397026205792
2.3343936532002454
2.3343946655866388
2.334394082983584
2.3343950302783023
2.3343951300097445
2.3343967618937826
2.3343985186065788
2.3343977184830487
2.3343997394448515
2.3343994111711686
2.3343975547568396
2.3343936689509617
2.334394409597358
2.334392513213244
2.3343896909014776
2.3343920743439472
2.33439095820668
2.3343906636540077
2.3343898517717467
2.3343928851618414
2.3343949739897667
2.3343947456123444
2.3343955698464045
2.3343948515370414
2.3343958518918995
2.3343979374164268
2.33440029135479
2.334402312297936
2.3344028858213086
2.334405346813716
2.334408927691626
2.334411492566709
2.3344060609453563
2.334406151324053
2.3344054432563666
2.3344050378322088
2.33440202322269
2.3344023617092726
2.3344002281370724
2.334398434715766
2.3343965663640365
2.3343969012977306
2.3343936430489287
2.3343985146557467
2.3343955993238725
2.334394622787859
2.3343939922492276
2.3343949651894267
2.3343945065960128
2.334395862520929
2.3343959815861672
2.3343931476151414
2.3343937659371305
2.334394306718479
2.3343927108062874
2.3343952572394238
2.3343928503029177
2.334392908869389
2.334393737229401
2.3343949931130368
2.3343955764034128
2.3343945182028634
2.3343979922430753
2.3343974946261925
2.3343964982068095
2.3343990008869184
2.3344006582267176
2.3344027061517263
2.334402568277033
2.334404696925793
2.33440580969959
2.3344085429291987
2.3344048809699913
2.334404350190125
2.3344039700225827
2.334400639173011
2.33440075716474
2.334403036794274
2.3344028310009355
2.334405511419646
2.334405430029918
2.3344070450423535
2.3344027291608844
2.3344046776143874
2.334404366726014
2.3344059374539134
2.3344055434207376
2.3344029675701012
2.334402984441081
2.3344054220015558
2.3344073278612987
2.3344093157694017
2.3344087590014775
2.334410246864886
2.334410917737895
2.3344112218091895
2.3344128778663413
2.334416111026036
2.334416015075461
2.334415564086293
2.334413038550822
2.3344117777085263
2.334410284046558
2.3344104727167925
2.3344107217476098
2.334412956529602
2.3344150122450986
2.334413187649206
2.334412870041688
2.3344111076427763
2.3344112003220396
2.3344077409509083
2.3344069986347566
2.334407941678206
2.334406039799741
2.334408035312409
2.334410523243569
2.3344127173407996
2.3344091147739543
2.334409188004415
2.334410003857069
2.334408335311379
2.3344109829149473
2.3344088152391973
2.334406805013542
2.3344080381367434
2.3344064482748927
2.3344065027349497
2.334406252183448
2.3344046664589007
2.3344098838400833
2.3344110007675494
2.3344140170284637
2.334414959638214
2.334415770149005
2.334418224365644
2.3344174728977105
2.3344180517315145
2.334415207990322
2.3344162280136844
2.3344152609694957
2.3344155891762264
2.3344153877919527
2.3344153969829526
2.3344153334216737
2.334412381733292
2.3344118539489846
2.3344126737120847
2.334416025505293
2.3344151833610205
2.334413139730123
2.334415694914025
2.334417205478302
2.3344155400421824
2.334418857495117
2.334419493622147
2.3344216780149787
2.334421418731268
2.3344176517000785
2.3344157829231174
2.3344156612057296
2.334413826382018
2.3344131774416694
2.3344123017611107
2.33441363271586
2.334409380555134
2.3344083019907655
2.3344105540631195
2.3344096176357283
2.334411110633519
2.3344115654394275
2.3344120068888863
2.334411173058796
2.334411405103605
2.3344083008308254
2.334408358193896
2.334408460779401
2.3344092613179055
2.3344083338381183
2.3344085518030417
2.3344090408452107
2.3344062898224345
2.334403873547424
2.334401323892419
2.3344006171218394
2.3343981869000627
2.3343953707962384
2.3343957838038736
2.334396338130591
2.3343976950750136
2.334395998218977
2.3343945600133997
2.3343947248517614
2.3343970257685682
2.33439718090018
2.334399558976276
2.3343987985521135
2.334401472681546
2.3344012125644804
2.334399117186419
2.3344001991611227
2.334400005635393
2.334403577017654
2.334403212868973
2.334400264225523
2.3343996015652477
2.3344011269698957
2.3344005535422836
2.3343997061121797
2.3343992904391597
2.334401797787943
2.3344016837529065
2.3344023058008707
2.3344020326415906
2.334402981508
2.3344053713556088
2.3344029943537166
2.334401012390083
2.3344007139676557
2.334401767103
2.334402569813684
2.3344009170024034
2.3343992346256357
2.3343984768177566
2.3343963097872464
2.334394789851242
2.334397148113024
2.3344007011782058
2.334402582940718
2.334406961556641
2.3344036316927483
2.3344066977243396
2.3344055947318556
2.334405983949828
2.3344047560024825
2.3344042678044334
2.3344032821026657
2.3344067179406345
2.334404208407827
2.334400938408624
2.334403476614828
2.3343984206118056
2.334397572157285
2.3343951963419918
2.3343950765727017
2.3343970374050387
2.334397182466624
2.334397363420959
2.3343959199999142
2.3343933186501595
2.334392722942576
2.3343947801187817
2.334397284581715
2.334397035113849
2.3343970983037
2.3343975672293795
2.334403214284867
2.3344024750817733
2.334403776649148
2.3344032594776953
2.334405552212972
2.334406975470206
2.3344073029738737
2.3344063407090863
2.3344063686645966
2.334408259426074
2.3344078239520063
2.3344078164614634
2.3344067947600067
2.3344047572269955
2.3344038759761254
2.334405201713424
2.334407857964572
2.334409650532574
2.334410878887833
2.3344116281930627
2.3344113174246135
2.3344108999292636
2.334412447418421
2.33441410852697
2.3344149080456433
2.3344175878672146
2.334419282405479
2.3344147438839773
2.334415006492939
2.3344152005523244
2.3344137357613777
2.3344134361642084
2.3344173485656254
2.3344173230178025
2.334417474282692
2.3344142099714094
2.3344114249020644
2.334410473265029
2.3344127241143497
2.334412069981867
2.3344143190353335
2.334414075462115
2.3344167843910175
2.3344167939393747
2.334417768358694
2.3344170072994506
2.334414460203619
2.3344161359435978
2.334417816400296
2.3344160477469997
2.3344159067736836
2.3344188299236035
2.3344213085814904
2.3344221511601755
2.3344215332538942
2.3344247055220855
2.3344245233102585
2.334419543169242
2.3344171182675075
2.334416829137627
2.3344132133341127
2.334416193595957
2.334416966792526
2.3344164565692616
2.334416402477967
2.3344168285933833
2.3344152053087477
2.334412684514294
2.334413844656994
2.334414274726083
2.3344140081312044
2.3344130201622906
2.3344131381357434
2.3344137914689584
2.334414476600214
2.334416956404485
2.334417401655058
2.334419652803652
2.334420102825691
2.3344201588182116
2.3344183564444374
2.3344181207751094
2.3344209312759667
2.3344195048518066
2.334420383377665
2.3344195841019233
2.334416593030134
2.334417758820488
2.3344170128457478
2.3344171234467885
2.3344180613181282
2.334421260262772
2.334419575997742
2.334418363444543
2.3344154597233526
2.3344163559540014
2.334415028286544
2.334413798659883
2.3344124309225944
2.3344117257006483
2.3344120759428377
2.334412800559136
2.3344114087371204
2.3344096657653064
2.3344089627998903
2.3344118562796687
2.334411690844454
2.3344146248983013
2.334416575765527
2.3344155339357764
2.3344186771170437
2.3344197340919868
2.334420147599728
2.3344196841534632
2.3344205233802167
2.3344157756607578
2.3344148015557438
2.3344169604117244
2.3344181914436857
2.334415867996186
2.334415183501803
2.3344131695185557
2.334409859263936
2.3344080912876826
2.3344052537616053
2.3344035501930724
2.334404599340224
2.334403760043762
2.334401984826628
2.3343997983019706
2.334404586774144
2.3344020512261965
2.334402642491777
2.3344046534576237
2.3344054866937785
2.334408301090684
2.334410501351468
2.3344101390460374
2.3344077828236194
2.334407104647437
2.334406029523178
2.3344060448066752
2.3344031550925974
2.3343998475949808
2.3343996212353533
2.3344006852947947
2.3343998128151586
2.3343970289490508
2.3343986157213052
2.334401602640173
2.3344007110541622
2.3343998026236807
2.3344005350224037
2.3343985016669286
2.334399428324452
2.33439997167178
2.3344023935906373
2.334402024901089
2.3344049541307763
2.3344059151961116
2.3344077679308
2.33440613880288
2.3344031000840686
2.3344027112326673
2.334405205459425
2.334405615623596
2.3344055519149687
2.3344057257102695
2.3344075659570955
2.3344101831371717
2.334410232618074
2.33441049266471
2.3344123188105836
2.3344133319822222
2.3344132329898017
2.3344157289352148
2.334419186288526
2.3344179635838125
2.3344161585339536
2.334419178484963
2.3344179991115195
2.3344169756072315
2.334417390230863
2.334418124415314
2.3344178227574943
2.334416745917887
2.334414984361048
2.334411931204419
2.3344105241120774
2.334412025708585
2.334411688585679
2.334414483894965
2.33441357079736
2.3344171461665444
2.3344188142948292
2.334422562471406
2.3344192686831966
2.3344169678909106
2.334415073013373
2.3344165267680332
2.3344161733911033
2.3344138293148533
2.33441264186436
2.334416363710813
2.334415265624321
2.3344164638334752
2.3344156777102367
2.334415527531376
2.334413767902214
2.3344156492020263
2.334415247224958
2.3344184105171633
2.334416688843702
2.3344157734124864
2.3344144400790734
2.3344117557068813
2.334412457700505
2.334410477355726
2.334410608552914
2.334410966155081
2.3344108341998098
2.3344110812387417
2.3344100057831043
2.3344082169764264
2.3344075749817144
2.3344072072856354
2.334408073899629
2.3344092123868267
2.334407996352108
2.3344081655491666
2.3344090302591036
2.334411765658006
2.334410904835419
2.3344102706323673
2.3344105100678543
2.334410534034174
2.334406650775124
2.334409533168907
2.334411076422897
2.334410078065217
2.3344102789509877
2.3344113611533333
2.3344132774647735
2.334414170763095
2.3344120593528928
2.3344102811213125
2.334411444816327
2.334410695562824
2.334407737407314
2.3344044519445513
2.334405876159742
2.334406668783716
2.334409602234994
2.33441005588871
2.3344109878885546
2.334412446476147
2.334409920488169
2.334413126309227
2.3344125624280263
2.3344097521054903
2.3344068869891683
2.334408092353189
2.3344095161681344
2.334410068196446
2.334410701917069
2.3344101950487657
2.3344104165750337
2.334411286612383
2.334410193442754
2.334410954885091
2.334410913257012
2.334411301019905
2.3344179031078567
2.33442034917022
2.3344171607579285
2.334417210112133
2.3344181821783816
2.3344180763975886
2.3344164467359265
2.334415994648274
2.3344138628742646
2.334416186445464
2.3344162791103527
2.334414206335859
2.3344122953016746
2.3344104213261123
2.334411669421737
2.334413244224589
2.3344115369361034
2.334410381743844
2.3344096444345004
2.3344100317123107
2.3344119470691758
2.334412146007953
2.3344110398619975
2.3344123010130233
2.3344099434157024
2.3344089301410564
2.3344127083323727
2.3344171763693433
2.3344140874202997
2.3344144169080803
2.3344143642788002
2.334415226388006
2.334415498191564
2.334414855433291
2.334413221242297
2.334412731858286
2.3344150133093367
2.334413263617141
2.3344153087420194
2.334416133946133
2.334414404653743
2.334412526202031
2.334411885401995
2.3344087480270543
2.334408493496074
2.334408588408842
2.334405583284813
2.3344026274207987
2.334400143828391
2.334398353207073
2.334395661718891
2.3343978459309156
2.3343920931982622
2.33438915215709
2.334387027165601
2.33438738528153
2.3343858325179245
2.334387422066993
2.3343909021976805
2.3343925197538784
2.3343954859998153
2.3343958113886476
2.3343985561626845
2.3343991272756246
2.3344011361410555
2.334401215749726
2.3344032187865578
2.3344014301142906
2.3344047587361
2.334404482855293
2.3344019856996194
2.334400637395205
2.33439743144805
2.334398221142083
2.3343966733953754
2.334397174816393
2.3343992827011997
2.3343999784405516
2.334401430877128
2.33440386220806
2.33440471130498
2.33440675867064
2.334406283892392
2.334403639460114
2.3344045095906787
2.3344032990924504
2.33439983668044
2.33440181324449
2.3343993596236947
2.334400383611964
2.334400378136726
2.3343984238950335
2.334397946948674
2.334398643817755
2.334399507304127
2.3343993004224983
2.334398860227063
2.334397294667351
2.334395102942031
2.3343961907222894
2.3343982971407464
2.33439673025051
2.334397045247057
2.3343979740325898
2.334399133899516
2.3343975767623384
2.33439372730825
2.334395084648331
2.3343943879119373
2.3343931734223493
2.3343921803510184
2.3343939304864123
2.3343925628344135
2.334392812021303
2.3343941334127054
2.3343949246493616
2.334394308822258
2.33439902407768
2.3343985245603185
2.3344015495814747
2.33440461089477
2.3344003165289053
2.3343961513256644
2.3344000476834963
2.3343997584738423
2.334398313696683
2.334397772325201
2.3344001567715282
2.334401731936405
2.3344036267098116
2.3344025523453262
2.334401834439809
2.334402480276508
2.3344048830127404
2.3344075991406554
2.3344073139792476
2.3344070156209304
2.3344060635390704
2.3344081975466247
2.3344054156863905
2.334404873111063
2.334405578533991
2.3344032312894947
2.3344042756126995
2.3344038849573354
2.334402452369537
2.334404475852729
2.3344056780558047
2.3344064583030857
2.3344047631022633
2.334405841432509
2.3344087227349526
2.334405300783779
2.334403715845857
2.3344028437924558
2.3344049509121647
2.334402634433673
2.3344043998377337
2.334402973941522
2.3344004898967143
2.334401011823523
2.3343991785269553
2.33439882469015
2.334397958151962
2.3344008590352856
2.3344021531359167
2.334403219752638
2.3344037815509555
2.3344067327563094
2.334407653219708
2.334409152724883
2.334411597243288
2.3344119835004444
2.33441412654995
2.334413429200731
2.334410965026054
2.3344100669997543
2.3344101165610747
2.3344109920799037
2.334415637371472
2.334419630014489
2.3344156147199286
2.3344151528344517
2.33441420527623
2.334412881189895
2.33441501174359
2.3344168136359964
2.3344148019589657
2.334413560905096
2.3344150556620327
2.3344140856824116
2.334417652755724
2.3344208132549253
2.33442310946687
2.3344190645936105
2.3344164092358595
2.334416456051647
2.3344162721195496
2.3344178247413123
2.33441701742071
2.3344204875671974
2.3344202291145324
2.334417808714939
2.3344170065492547
2.3344173917926034
2.334416137304731
2.3344144472857784
2.3344129819653494
2.334412711057588
2.3344126722113137
2.334412537044302
2.334413600345562
2.3344108101162075
2.3344078918166065
2.334408013636913
2.334408587447653
2.3344072846017836
2.3344114681661963
2.334413291639832
2.334412682406499
2.3344134788146396
2.3344129200571566
2.3344096617637144
2.3344111296718504
2.3344151702750797
2.3344161654176063
2.3344181003431532
2.3344170540994993
2.334417939221009
2.334417162865048
2.3344151477050503
2.33441695549774
2.3344213085204983
2.3344246931892383
2.3344274354793817
2.3344304889199927
2.3344309077186054
2.334431694254043
2.334433213996535
2.33443672492261
2.334437678639067
2.334436257893954
2.3344315191060416
2.3344279022371346
2.3344282310478577
2.334429759780417
2.334427823243248
2.3344261666422983
2.334426341946526
2.334428696126871
2.334426300582836
2.334431523594052
2.334432556143215
2.3344290957175704
2.3344273649500797
2.3344252855632073
2.3344269450581585
2.334427355235709
2.3344260533381656
2.3344262894265104
2.334426808138153
2.3344255695185665
2.3344251174829678
2.334425250936166
2.3344227174043555
2.33442499329615
2.3344252545855846
2.3344276240596917
2.334429021253393
2.334428723074737
2.334429757690272
2.334429007379829
2.3344258688220743
2.3344276851086403
2.3344240401817475
2.3344230290606336
2.334421617251335
2.334420178143007
2.3344203062065394
2.3344200086584594
2.3344224886460267
2.334417219990968
2.334416524264595
2.3344152851156132
2.334415395238462
2.3344112000469246
2.3344112330556923
2.3344120748137582
2.3344162845291656
2.334417443215227
2.3344176833955723
2.3344168088569353
2.3344177576450953
2.3344160227090365
2.334415273104835
2.3344145800134366
2.3344158345886825
2.3344140972178717
2.3344133654134605
2.334415508679774
2.334414474644399
2.334416530697426
2.3344182294295464
2.3344186382618783
2.334419643694829
2.334420450263217
2.3344189396826387
2.334417190725917
2.334414659877732
2.334419920713179
2.3344209554859248
2.3344197505610365
2.3344196598844107
2.334421171017799
2.3344201498416943
2.3344215332520344
2.3344157454147707
2.334417399913522
2.3344150694182395
2.3344144584622617
2.334415805330571
2.334414587806359
2.3344142426110137
2.334417895602123
2.3344162271025084
2.334416684178176
2.334418357900206
2.3344174472145736
2.3344182994477434
2.3344206727324335
2.334420855741963
2.3344218485124975
2.334421650441216
2.3344221086620145
2.334419444384379
2.33441917516974
2.334422515020546
2.3344235716998685
2.334427188210322
2.3344273359776992
2.3344252981211153
2.3344252613113374
2.334426222112142
2.3344253007289155
2.3344252980348155
2.334424703080326
2.3344237421492213
2.3344214791445745
2.3344181766643213
2.3344227830983795
2.334425914190687
2.3344240295221566
2.3344237638946974
2.334423746416299
2.334423045823667
2.3344209182697897
2.3344201186155398
2.3344192343831156
2.3344186903082864
2.334419188289856
2.334418863099284
2.3344187849125775
2.334421149714673
2.3344190354620116
2.3344191619280132
2.3344194209093323
2.3344192341610546
2.334415124552182
2.3344143563266946
2.3344119176868228
2.3344132065325245
2.3344092624413206
2.334409629987733
2.3344093150962766
2.334408062126443
2.3344057689752753
2.334403192968557
2.3344023200472814
2.3344000038967736
2.3344001713308664
2.334397588732617
2.334399792373449
2.334403521000743
2.334406646615864
2.334406114580616
2.3344061798001126
2.334403461835824
2.3344055362845935
2.3344070847885106
2.334407595289264
2.334407836620894
2.3344056995244835
2.3344047450300267
2.3344052287438717
2.334401837542956
2.3344002350708606
2.334399274155201
2.3344046402824783
2.334403091951415
2.3344063363377296
2.3344052907712207
2.334403008251824
2.3344054325059234
2.3344060043775174
2.3344051623385664
2.3344038699358403
2.334400133942265
2.33440275991141
2.3344014989179342
2.3344022084490375
2.334404317118599
2.3344038399381306
2.334402208147717
2.334403500380328
2.3344009629862406
2.334399407025831
2.334397960839052
2.334396447347852
2.334394447936319
2.334392613779909
2.3343921304319526
2.3343911547701297
2.334389728673163
2.3343874980021213
2.3343879645888452
2.3343875461855386
2.334388106394722
2.334386597597936
2.334388158209681
2.3343871070088715
2.334388175320103
2.3343856041581312
2.3343861194098827
2.3343864554622886
2.3343862859329203
2.3343851156656488
2.334381232267791
2.3343782663170476
2.3343773957362672
2.3343799481983964
2.3343795715911217
2.334378511370199
2.3343775601044943
2.334377718024186
2.3343804745065415
2.3343832067417387
2.334384500419827
2.334385802828558
2.334384154663305
2.334383275838496
2.3343828652120093
2.3343833508895178
2.3343846561953194
2.3343816672079853
2.3343787851327993
2.334378999293598
2.334380388895449
2.3343816995666993
2.334384798216518
2.3343830716794165
2.3343848292941995
2.3343868434054387
2.334390384453886
2.3343876561136554
2.3343881171462106
2.334389213732982
2.334386992210317
2.334388290927373
2.3343888052826376
2.334386365370243
2.334386318033291
2.3343864778630308
2.3343876878254277
2.3343881149473282
2.3343896490548808
2.334389054433575
2.334390562028267
2.334390330999419
2.3343908704749436
2.334388001095054
2.334389448640388
2.3343892427095976
2.334387079792269
2.334385138866033
2.3343830995748056
2.3343824289628357
2.3343789609239285
2.3343763824313
2.3343760348023843
2.3343746742505913
2.3343760712569406
2.3343736927315977
2.3343745644107594
2.3343738680469786
2.3343742408180397
2.334374505614847
2.334373673930451
2.3343713464904168
2.3343741257972304
2.3343745443402795
2.334372443066786
2.3343707882312836
2.3343728064243554
2.33437479961124
2.334376383821656
2.3343734571130956
2.3343717211371167
2.334373691822712
2.33437689707122
2.3343741681648673
2.3343752107106486
2.33437303614265
2.334372988964588
2.334377121201616
2.3343751389438556
2.3343748846910346
2.3343738082847314
2.3343749232769007
2.334374618256984
2.3343709826198378
2.334373325139883
2.3343746529853546
2.334375881014202
2.3343737336705495
2.3343773544394084
2.334379311663182
2.334378398123148
2.3343808016958167
2.3343785676224487
2.3343812014199132
2.3343836921135823
2.3343836506211857
2.334386137087485
2.334385753986591
2.334385198085764
2.3343843607629275
2.334378848179255
2.3343776148053346
2.334382530970223
2.3343849003001185
2.3343872696265184
2.334387611585972
2.3343912194541514
2.334388888917721
2.3343910142047237
2.3343911714746763
2.3343933638377936
2.334392270852174
2.334393131114643
2.3343944275830477
2.334392498226271
2.334393748592121
2.3343928963471803
2.334394739555718
2.3343983034741376
2.3343992105662275
2.334398675087573
2.3343965753241185
2.3343950103581363
2.3343943519131507
2.334394355157128
2.3343941863956594
2.3343937827257917
2.334392505499356
2.3343924377455436
2.3343932201742743
2.334393605961491
2.3343937824163894
2.3343906485504045
2.3343889050066937
2.3343887463029263
2.3343913643365966
2.334390658465531
2.3343874900193193
2.3343871164338736
2.334387449894722
2.334390011057711
2.334392223270203
2.3343924503208933
2.3343936935268936
2.334393822979752
2.334396442374864
2.3343977268204377
2.3343991599192075
2.334394522198226
2.3343898146855273
2.334393321636414
2.3343969153310877
2.3344002366810597
2.3344004683794157
2.334401071332315
2.3344007036769616
2.3344043080238808
2.3344051636994605
2.334406275934679
2.3344071376484994
2.33440721610191
2.334404893770469
2.3344029504763193
2.3344029628684972
2.3344019501919084
2.3344038513179846
2.3344036127578383
2.3344043725482493
2.3344022800653326
2.33440351170765
2.334403759283771
2.3344013106855526
2.3344022820851706
2.3344006758301936
2.3344031723901733
2.334402334469759
2.3344034934862847
2.3344039845916753
2.334406725119774
2.3344091924075827
2.334408626796954
2.334410544595693
2.3344125154520454
2.334415564196476
2.3344167377648275
2.3344160349135272
2.3344166742006016
2.3344122372051452
2.3344114085797085
2.3344120387907896
2.3344121853234636
2.334411942274756
2.334413732210543
2.3344128639628052
2.3344115218696873
2.334412856970531
2.3344115027304704
2.3344096939050543
2.3344098693936672
2.3344105565986597
2.3344098797785366
2.334411277979788
2.3344102591492173
2.334412340246194
2.3344131073904912
2.334412081027071
2.3344136234303345
2.3344181690711046
2.3344211246657767
2.3344193578689794
2.334420108776768
2.3344193961932276
2.334421470433452
2.3344189874980428
2.3344173983477114
2.3344154183735286
2.3344150468197484
2.3344151938792073
2.334412064810544
2.334411640676611
2.3344105720930135
2.3344128400183908
2.3344130828011442
2.3344113722748534
2.3344101837527886
2.3344097823080854
2.334409184982554
2.3344060239331617
2.3344079475371453
2.334410098227868
2.334412901710362
2.334412716493192
2.33441142216877
2.3344118350832836
2.3344086409156555
2.334408217029067
2.3344095304073176
2.334407318879785
2.3344077660419615
2.334407232932822
2.334407092669617
2.334407470972468
2.334407155525833
2.3344043173916282
2.334405199595931
2.3344062957563687
2.334406392709905
2.3344041300711753
2.3344041184119892
2.3344044602888254
2.3344060928685026
2.3344030543604837
2.3344052435364375
2.334403553073155
2.3344013630101945
2.3344053759536485
2.3344058858163153
2.334405131037559
2.3344076615726497
2.3344064470020354
2.3344040995659694
2.3344060777325915
2.3344041327175096
2.3344048774220405
2.334405623396831
2.334405337507879
2.3344039049256096
2.3344023628883668
2.3344029406768914
2.3344015177394746
2.3344002275471247
2.334399847538878
2.334400801259239
2.3343977277389327
2.3343995400279938
2.3344008377197274
2.3344015139421885
2.3344036621020443
2.334402639193079
2.3344019358348693
2.3343979649857762
2.3343999620388107
2.3344006837020697
2.3344028577701366
2.334402770801627
2.3344029039891994
2.3344013115031013
2.334407312972089
2.3344107751444345
2.334410958420132
2.334413094909257
2.3344143933158685
2.334416838755556
2.334412782992488
2.3344146919924014
2.3344160809603824
2.334417321490764
2.334413699711521
2.3344166549212315
2.3344142623245348
2.334413864701573
2.3344149918247536
2.3344152894136165
2.33441315235283
2.334414786156966
2.3344146986529135
2.334414059400473
2.334415504027994
2.3344155185750766
2.3344132266786857
2.3344155013437193
2.3344182535150955
2.334416625525078
2.3344156355637016
2.334417479463373
2.3344138055647443
2.334415692042284
2.3344156071588453
2.3344155082591596
2.334413656403968
2.3344129135599383
2.334412685670025
2.334414133845506
2.334413456817557
2.334414429548775
2.3344143756315883
2.3344150936037367
2.3344153252823805
2.3344156705764028
2.3344127464911595
2.334412977723034
2.3344106069479547
2.3344091996106506
2.3344084961977356
2.334406494427667
2.334402784860324
2.334401549131439
2.3344041572346677
2.334401942586132
2.3344032384954794
2.3344043737376707
2.3344018094233836
2.3344002761581653
2.3344008399546556
2.334398043156285
2.3343969987637765
2.3343970795386215
2.334393935401493
2.334396514821367
2.334393943443395
2.3343943405330814
2.3343955111502894
2.3343977549920085
2.334401271225589
2.3344020906568037
2.3344042913921528
2.3344066970370267
2.334407054378777
2.334407628613022
2.334409424624503
2.3344099814545856
2.33441223974678
2.3344104251191475
2.3344054726260466
2.3344073773417438
2.334408273496445
2.3344076310318362
2.334406375995081
2.3344069623704407
2.3344050601584576
2.334406406516741
2.3344088864214836
2.3344103062987633
2.33441046149027
2.3344104501983782
2.334407756478943
2.3344091885567027
2.334409641520366
2.3344103464820964
2.334408780568612
2.334410274428092
2.3344113836635407
2.334414187093179
2.334411792521515
2.334410748646231
2.3344112709538565
2.334413647844258
2.3344113380424973
2.334411016468055
2.334412546911134
2.334410296446409
2.3344078033910027
2.334405595560734
2.334406231772654
2.3344033478381294
2.3344018491447796
2.334402761356154
2.334399485679925
2.3343973968527285
2.3343961484205282
2.3343949429836948
2.334393777445626
2.334392359545906
2.3343921149221356
2.334395064692425
2.334392340158364
2.334394359395321
2.3343965327561147
2.3343923748791466
2.3343929703981434
2.334395105319973
2.3343937618928585
2.3343939339787423
2.3343951835044225
2.3343940390683104
2.334393228174057
2.3343910836543125
2.3343930464702005
2.334392140936536
2.3343916155404987
2.3343903474624743
2.334388584204584
2.3343898354118147
2.3343903450999663
2.3343910048403473
2.334390551567309
2.3343944801423167
2.3343950972274996
2.334396067479885
2.3343964487315323
2.334396084917104
2.3343980499871995
2.3343994111565407
2.3343994024643226
2.334401266435578
2.33439987508427
2.3343997658170372
2.33440125738232
2.3344025037381195
2.3344040322044375
2.334401946089816
2.334405015242077
2.334405624385222
2.3344039317954444
2.3344036351057076
2.3344040922106375
2.334403206580131
2.334406394882805
2.334402313604507
2.334403549306129
2.334400405763627
2.3343963860255657
2.334394114913741
2.334397698536721
2.3343964404982716
2.334393926411253
2.3343912364245263
2.3343890616125376
2.3343924655099832
2.334389568575686
2.334391064373388
2.3343923388532453
2.3343924603145614
2.3343919054118594
2.3343907161669595
2.3343906736787994
2.334387296713737
2.334389608264853
2.3343915858103435
2.334394046624135
2.3343930874724967
2.334392146363909
2.3343927205644905
2.334392516233879
2.3343923764789674
2.3343898293834098
2.334388808127288
2.3343912076006195
2.334390595320158
2.334389129568255
2.3343886830661087
2.3343881912977666
2.3343877106549002
2.334386536521412
2.3343893912684024
2.3343892683888474
2.3343859433514917
2.334386312752997
2.3343886423878013
2.334384467839393
2.334383706387246
2.3343866562738858
2.3343872310374274
2.3343887559579186
2.3343864484109957
2.3343863332990633
2.3343835227650125
2.3343802458312215
2.3343785906974373
2.334380748122065
2.334378698907052
2.3343795340341718
2.3343821151133652
2.3343814011695385
2.3343833587315723
2.334385988577357
2.3343891620489527
2.3343886055062497
2.3343910701486665
2.334391502074905
2.33439005478079
2.3343919296276416
2.3343940022603196
2.334394503686145
2.3343965630973766
2.3343985972723096
2.3343993109174677
2.334398572184122
2.33439834507749
2.3344016870983864
2.3344046356924437
2.33440550294049
2.334405745084118
2.3344054484606356
2.3344057068453417
2.3344065434545525
2.334405053238075
2.334405318742229
2.3344019809555236
2.3343986111168324
2.334397179100331
2.3343968218363953
2.334400298609463
2.334397854505811
2.334395843499598
2.3343989752569
2.3344008600473627
2.3344005620712065
2.3344042449057176
2.3344043896502757
2.334402913741031
2.3344046231800992
2.33440629471439
2.3344057306335437
2.3344035823823264
2.334404472313487
2.334404978001336
2.334403327843433
2.3343973712088055
2.3343990101843244
2.3343989721990144
2.334397725012344
2.334393328549016
2.3343916061859895
2.3343937661621164
2.3343921880071172
2.334394314394647
2.3343982848733367
2.3343972327017344
2.334393917185817
2.334393717606904
2.3343930394565757
2.334396337619624
2.334399726517265
2.334397664412338
2.3343963466017437
2.3343995790569854
2.3343992223798833
2.3343989123070426
2.3343985104902187
2.334397677946441
2.3343967121775817
2.334397051172572
2.3343942278454106
2.334394630692372
2.3343969339613366
2.334398222361403
2.334395225752746
2.334394090609298
2.334392944349049
2.334393943452323
2.334393486171143
2.33439096736351
2.334391664319595
2.334392490816954
2.3343940514581947
2.3343933947389948
2.3343938039991334
2.3343926213736395
2.334393009123424
2.334392835361039
2.3343905896626547
2.334392033904248
2.334390578203483
2.3343890590260536
2.3343922115293405
2.3343898218739336
2.334389186165881
2.3343887452966854
2.334392894871927
2.3343946878082806
2.334392208935999
2.3343928789729
2.334393202192116
2.3343925011649493
2.33439598945423
2.334393802429187
2.3343957780106357
2.334398309565287
2.334400549410934
2.334401504565867
2.334399265209587
2.334398876269708
2.3343989702053407
2.334397176399284
2.334397471589892
2.33439863127901
2.3344001731662676
2.33439838063963
2.334396495685148
2.334395570261281
2.334394186328937
2.33439355701319
2.334392940332916
2.334390627881344
2.334386673878711
2.334384693766775
2.33438489836401
2.33438684231137
2.334386279405236
2.3343872464416227
2.334388728914399
2.3343920595852685
2.334392824646844
2.334390258690461
2.3343911274271947
2.334389994195212
2.3343897474146984
2.334392745012549
2.3343916624003755
2.3343917983180673
2.334385624261247
2.334386066951531
2.334385368715485
2.3343825323506637
2.3343805868222307
2.334381698147663
2.334379422597428
2.334378622809443
2.334380317670514
2.3343769726296606
2.334378306338331
2.3343773231541807
2.334380276095387
2.3343821953472874
2.3343848721212557
2.334384995553063
2.3343893243159943
2.3343864469045723
2.3343873959853654
2.3343832529531485
2.3343877866088016
2.334387160150804
2.334385395096457
2.334386586590583
2.334387349709883
2.33438956559632
2.3343868052102072
2.3343868149066203
2.334389314838659
2.334389742758643
2.3343876050352748
2.3343859878641395
2.3343824587256004
2.334382556019862
2.3343814214096317
2.334383031928981
2.334383459084961
2.334384133604742
2.3343839387513268
2.3343856246384274
2.3343861136556487
2.3343863806705984
2.3343874736755774
2.334385532112607
2.334385062868744
2.3343887376700736
2.3343895384169255
2.334390892319137
2.334389869965849
2.3343899850769034
2.3343900195916114
2.3343881061802696
2.3343906255927505
2.334390137034173
2.3343928901667526
2.334392874292744
2.334393937192778
2.3343937174225764
2.334395824361915
2.334395871087345
2.3343947678827837
2.334393081143322
2.334393239427036
2.3343966266316314
2.3343925594365778
2.3343924498835813
2.334393103955401
2.3343899451028975
2.334389763665431
2.334389968336554
2.334389845809567
2.33438956662326
2.3343921136013157
2.3343919432677516
2.3343922457634925
2.3343928397576015
2.3343932542339867
2.3343945788496834
2.334392544779478
2.334391337546546
2.334391922080037
2.334390532635158
2.334390314778028
2.3343895085436555
2.334394944028289
2.3343942738249144
2.334391473016904
2.334389267737207
2.334391322788766
2.334389192248108
2.3343871120773603
2.3343859899843435
2.3343866324133495
2.334387633647115
2.3343899150550187
2.3343898240230807
2.334388436306483
2.334388540633796
2.334386768877275
2.334386859737209
2.3343854361928416
2.334383762849764
2.3343863728905636
2.3343837628875477
2.334382563065162
2.33438481686779
2.3343879210240406
2.334385112980395
2.334387188161417
2.3343860409066552
2.3343868691577194
2.3343852958476967
2.3343817757639145
2.334381397083613
2.334379953823155
2.3343788815186057
2.3343795308022357
2.3343851509144677
2.3343885904327766
2.334388854051515
2.3343907346010577
2.3343922029794433
2.3343905538391874
2.3343885737331673
2.33439057373388
2.334390908355416
2.334390384501593
2.334388012810012
2.3343879333663287
2.334387883634042
2.334388924078809
2.334387299164326
2.3343870847524295
2.334386027649736
2.334386115520641
2.3343836442161403
2.3343841381046047
2.3343793259725776
2.3343829560754323
2.3343849395637903
2.3343847674434186
2.334386045938703
2.334381844239592
2.334383877928569
2.3343859321168896
2.3343837888804635
2.3343851095889643
2.3343878975423435
2.3343860847763227
2.3343835069597274
2.3343815862370985
2.3343849375251633
2.334383475298581
2.3343813323580185
2.3343833821754076
2.3343805149632777
2.334383500365283
2.334384804413911
2.334384398948078
2.334386344461563
2.3343870527120107
2.334388024695822
2.334384749785018
2.3343857117149605
2.334383404582929
2.3343825887426912
2.3343806725734355
2.334377296000253
2.334377871376914
2.3343759247916647
2.3343780922354913
2.3343803879343854
2.3343813238419084
2.3343798999720344
2.3343808003296482
2.3343799690098708
2.3343840735183283
2.3343829658521593
2.334380786444659
2.334378573681921
2.334378725533739
2.3343773660994587
2.334377047192243
2.3343782966696027
2.3343729513834846
2.334373798060765
