2.3344099783190426
2.334414961960995
2.334414807505912
2.334416533578806
2.3344168840928394
2.334415444719896
2.33441282192688
2.334412234949026
2.33441031861677
2.334408953649982
2.334405367678664
2.334405892559235
2.334409364366515
2.3344083333418846
2.3344071731068516
2.334406426484199
2.334405082189428
2.334405265269008
2.3344069908160363
2.334408288534508
2.334408751322927
2.334407914042646
2.334408933640333
2.334411094462867
2.3344110742872295
2.3344107035397426
2.334410766005425
2.3344085621795108
2.334408480040075
2.334406428542924
2.334407927569194
2.334406612140917
2.334406285251228
2.3344061962025466
2.334408713131278
2.334410494325305
2.334409415382985
2.3344086321191937
2.3344078252280696
2.334410917356138
2.334407307826325
2.33440817727199
2.3344097066016185
2.3344117698609925
2.3344136721760265
2.334413212826435
2.3344160243664205
2.3344139019008816
2.3344136439646412
2.334412930020418
2.334413538815127
2.3344135275885907
2.334412967223511
2.334412864986949
2.3344127415357456
2.3344120057065347
2.33440931877087
2.334411592693607
2.3344139744837116
2.3344148889375647
2.3344138531910197
2.334414046242321
2.334414014190987
2.3344120711118577
2.334413800484767
2.3344138282308546
2.3344147813124287
2.3344133640310116
2.3344153043661926
2.3344155380329865
2.33441377640705
2.3344140231950017
2.334412501937464
2.3344079888342084
2.334412045628716
2.334410990428046
2.3344125358263477
2.3344120904022723
2.3344130931721625
2.334410282445206
2.3344096662246034
2.3344100300277733
2.3344097680520077
2.334407928857062
2.3344094443538723
2.3344067754266655
2.3344084680459933
2.334407068694152
2.3344086225463587
2.3344107550259734
2.334412014989331
2.334409815550553
2.334411177522472
2.3344086198893375
2.3344087375245928
2.334407338739175
2.3344068084156895
2.3344045349402327
2.334402355415219
2.3344020608691363
2.334401009684739
2.3344004194917636
2.3344019969632055
2.3343992517325183
2.334402284110894
2.3344053093366095
2.3344078040300023
2.334408763834511
2.3344079373144906
2.334406547800781
2.3344075586765825
2.3344077070549196
2.3344058132677503
2.3344044906735246
2.334404679256634
2.334407190153419
2.3344068692012248
2.3344078727005924
2.334412133735781
2.334414648767308
2.334415332207356
2.334414208968989
2.3344112769136633
2.334413061379469
2.3344110534079956
2.334411980855841
2.334411294688333
2.334408676084076
2.334410906704199
2.3344099589522846
2.3344082127109074
2.334411549405986
2.3344141407462162
2.3344113586210913
2.334411591190009
2.3344103667961953
2.3344125118074537
2.3344145378755226
2.3344133564178033
2.33441324743206
2.334412000657826
2.3344131509451906
2.3344133136142258
2.3344162164177447
2.3344162062486946
2.334415040033324
2.334411811224329
2.33441130356817
2.3344108706707134
2.3344137278450403
2.3344113919937755
2.33441117671642
2.3344140213427904
2.3344143904595986
2.334415412015983
2.334413150241055
2.334415316156736
2.3344159704678495
2.3344168028585734
2.334417989887542
2.334420650077367
2.3344244876362557
2.3344247549410078
2.334425845253856
2.334421988000102
2.334422626759356
2.3344204707858576
2.3344196064813167
2.334419228263794
2.334418392659697
2.334420030130231
2.334416902890508
2.334416345968014
2.334419194557406
2.334420000824001
2.3344181381025995
2.3344201868178134
2.334422046291459
2.3344205630890915
2.3344187445597844
2.3344198125898172
2.334423828674545
2.3344243838617276
2.3344255564020675
2.3344268586807946
2.3344301745379683
2.3344305215986405
2.3344277023864803
2.334428388675747
2.334429196310224
2.334429627931439
2.33443030248846
2.3344312236319014
2.3344323637374154
2.334432313253885
2.3344321712918314
2.3344343278897774
2.3344323265976747
2.3344305751625205
2.3344316950886794
2.33443169793363
2.334430886072098
2.334432769473985
2.334433760776156
2.3344328207903984
2.3344283704198787
2.33442895724849
2.33442549836584
2.3344182770850064
2.334422041158658
2.3344190523066453
2.3344199219816395
2.3344185259933403
2.334420313575584
2.3344214486899504
2.334419614516583
2.3344201177868547
2.3344210244677064
2.3344210280721986
2.334421220191256
2.334424959298112
2.3344238739208363
2.3344218363354714
2.3344209692159033
2.334420890817922
2.334422263737213
2.334424230220203
2.3344246326825666
2.334423404398859
2.3344245547579288
2.33442419232058
2.3344238565367306
2.3344265319000868
2.334427152015198
2.334428940366892
2.3344280893998515
2.3344274993229344
2.334426567243215
2.3344291417321767
2.334430998010339
2.3344320479028036
2.3344281766636574
2.3344294834626154
2.334425851511482
2.3344261798414294
2.334427497991221
2.334427700898349
2.3344303548175644
2.334430149037279
2.3344284664313295
2.3344282474689626
2.33442912181377
2.3344328012526763
2.3344323425111693
2.334434205363176
2.3344333252318554
2.3344317692292256
2.33443258959157
2.334432675323096
2.3344308827470392
2.334430826332339
2.3344295008967717
2.3344281296831286
2.33442764387419
2.3344301504731435
2.3344274294275
2.334422553201423
2.3344236981897932
2.3344218825768794
2.3344223439765868
2.334421835523119
2.3344185439890714
2.3344166503524004
2.3344162723789545
2.334415969161688
2.33441664626825
2.334414122890136
2.3344138026149333
2.334412386689875
2.334413532175317
2.3344129248995946
2.3344147171903766
2.3344107750205425
2.334405461176927
2.3344029513341393
2.3344038468217803
2.3344072128058184
2.334408543093143
2.3344096095308773
2.334409987795281
2.334413002306988
2.3344112841064364
2.3344070514207655
2.334402969780977
2.3344026498012167
2.334401676047864
2.3344015821340327
2.334399932891824
2.3343978716043745
2.334397260013103
2.3343962761172934
2.3343950759070484
2.3343935941688083
2.3343948133921706
2.3343934788208864
2.3343938098871706
2.3343969046072415
2.3343969612498756
2.3343980306861187
2.334396943280846
2.334397466415519
2.334399927980717
2.334402028621562
2.3344045304443055
2.334404005475082
2.3344069365464666
2.33440547190166
2.3344042029729524
2.334404847123879
2.3344047767893237
2.3344072735800956
2.334405057033316
2.3344037569551985
2.3344052792944217
2.3344030591660325
2.3344070630278884
2.334405994180609
2.3344088612647518
2.334410315582196
2.334410959184806
2.3344127160416117
2.3344098235531168
2.334411778106383
2.3344143579712333
2.334414320798392
2.3344145400556293
2.334416214175836
2.3344180720089995
2.3344190009109678
2.3344177457517596
2.334417406241158
2.334418113455548
2.3344166432130464
2.334414469970179
2.3344146177029472
2.3344138953981943
2.3344141265874416
2.3344169975167115
2.334413712346752
2.3344132247595804
2.3344110992294302
2.3344078678995888
2.3344069712294604
2.334407740134282
2.334403762382392
2.334404942184544
2.3344028039592954
2.3344032107240227
2.334401871629862
2.334400893041394
2.334400734682716
2.334398270361027
2.3343951651596884
2.334393399991915
2.334390211120735
2.334390479714121
2.3343927388996697
2.334390591082949
2.3343894529888916
2.3343919326075206
2.3343957500004326
2.3343952301939717
2.334397202008028
2.3343936247292776
2.334395338983486
2.3343941075004198
2.3343975637582344
2.334397417826759
2.3343998306200464
2.334403123554263
2.3344028901838203
2.3344050066841406
2.334404748208615
2.3344008887173344
2.3343996765077284
2.334398717510844
2.3344001049896193
2.334396496606777
2.3343966886795418
2.33439478788015
2.334397984760135
2.3343971065170663
2.3343986540112134
2.3343986082096655
2.3343968553624297
2.334400721337476
2.3343984197682603
2.334396172300831
2.3343983322139286
2.3344000890168717
2.334399166200018
2.3343982768319895
2.334396584866075
2.33439665219055
2.334395909044528
2.334395802497047
2.3343982693549328
2.3343971712946896
2.3343931956026083
2.334391345321808
2.334391702112471
2.334389198537734
2.3343916822261344
2.3343894875958973
2.3343869524580545
2.334389509496514
2.334389953051592
2.3343923425043096
2.3343910080657273
2.334391598954272
2.334392133869834
2.3343947198124777
2.334392524195279
2.3343941019240195
2.334393144934139
2.3343900188904834
2.33439109059175
2.334387792134154
2.334388649431264
2.3343913036828536
2.3343911475975485
2.334393127681563
2.334390425311933
2.3343909150379476
2.334392514369646
2.33439028430316
2.334393715349681
2.33439166620213
2.3343875599976616
2.3343872342223912
2.334385768337105
2.3343879083152053
2.3343847428070834
2.3343842088427986
2.3343837890082937
2.3343834573411706
2.3343846880767782
2.334385915749505
2.3343868820398392
2.334384467463272
2.334384055573164
2.334382578903323
2.3343858791761014
2.334383668771536
2.334384387791708
2.3343854986085146
2.3343850351221778
2.334383958113806
2.3343844023383413
2.3343860678084196
2.3343876419848653
2.3343883138360617
2.334389271187234
2.3343898441748205
2.334390149373904
2.334393206370162
2.3343918100085532
2.3343927472245394
2.3343885184129722
2.3343892162742987
2.3343861580740093
2.3343868438310045
2.334387652726374
2.3343854744819996
2.3343845682484554
2.3343867962337637
2.33438608257306
2.3343845225108084
2.334382523798524
2.3343836008908987
2.334384746732351
2.3343877642899415
2.334387623656711
2.334389988652289
2.334391595281187
2.3343895830050663
2.334390656482978
2.3343898126012244
2.3343902339493106
2.334389506050216
2.334393753376576
2.3343952462188224
2.334396276446381
2.3343982271841126
2.3343982468535702
2.3343958789744295
2.3343968451722543
2.334396790773488
2.334395849146849
2.334395057392383
2.334398016758409
2.3343977353886394
2.334398046034105
2.3343997563620706
2.334399218669238
2.334401768277025
2.33440186974561
2.334403020377463
2.334399690214555
2.334400790605164
2.3344000255847175
2.3343968305284233
2.3343953344338235
2.3343965645760814
2.334393882928043
2.3343925691492893
2.334393169513236
2.3343930278461147
2.3343936390127
2.334392640708371
2.33439334395835
2.3343938302010474
2.3343945565657376
2.3343954140612593
2.334395756159914
2.3343957555910775
2.3343959847223497
2.334394801557606
2.3343982591251753
2.334397076965752
2.334397107955017
2.3343954135292306
2.3343941481951314
2.3343920675491665
2.3343909553411324
2.3343942451889284
2.334394729336492
2.3343941746812367
2.3343968963609343
2.3343944764856603
2.334397968577279
2.3343980481806104
2.3344003269865765
2.334403058261042
2.3344055594143653
2.33440258005861
2.334401243460328
2.334400167848165
2.334400311947502
2.334401736242704
2.3344004758462455
2.334402852115261
2.3344047985461347
2.334406081789632
2.3344052778981026
2.3344085266694963
2.33440720323
2.3344047010101816
2.3344050684990107
2.334407229688757
2.334404322119975
2.334402781889793
2.3344030399008884
2.3344022523413264
2.334403705897727
2.334401467162498
2.334400587914551
2.334398730871149
2.334395324398154
2.334399916197188
2.3344000611139655
2.334400838445762
2.334400845316747
2.3343994660133163
2.3343993240618293
2.3343991935583195
2.334402350673631
2.334405830866401
2.334408446853103
2.3344086372704136
2.3344126970046304
2.3344128693997988
2.334413240006206
2.3344124077713575
2.3344141184620146
2.3344127554075498
2.3344143417449534
2.3344140648685037
2.334414672360333
2.334412411005279
2.334413257575912
2.334413525630782
2.3344134596333905
2.334413051406957
2.3344100285907383
2.3344097658113747
2.334409546007476
2.334410534399356
2.3344119633478604
2.3344147901023393
2.3344122722485
2.3344096248332455
2.334410813546034
2.3344132203650396
2.3344134859656327
2.334415923365404
2.3344173788844103
2.3344182441093673
2.3344195102000733
2.334420303075651
2.334418743137053
2.3344170910729534
2.33441897073011
2.3344185528296144
2.3344152051180447
2.3344168415156323
2.3344185734762704
2.3344191165435704
2.334419782282291
2.334417887334614
2.3344220253864414
2.334422371214831
2.33442279135522
2.3344225873878717
2.3344220399058266
2.334424727071479
2.334421633680901
2.3344225668302943
2.334421840143325
2.3344199297173325
2.3344182968649227
2.33441646754655
2.334418553691951
2.334417838938857
2.334419702710165
2.3344207950815945
2.33442002220009
2.334421044252819
2.3344189911289837
2.33441637527516
2.334415495901194
2.3344154045286025
2.3344139329760174
2.3344146301989164
2.334414832962903
2.3344137412267414
2.3344137201346387
2.3344126823353144
2.334414734182645
2.3344136935778006
2.334416304189029
2.3344161752485872
2.334416174076473
2.3344134756444155
2.3344130721161305
2.3344125561581
2.3344155456473232
2.3344158119386287
2.334418070858468
2.334416118297158
2.3344127825090273
2.334414713551742
2.334415418311653
2.334418247481047
2.334422674231843
2.3344244117709043
2.334422312954322
2.3344213672838316
2.334421973956548
2.3344236240014578
2.3344239613031403
2.33442507900298
2.3344234380153104
2.3344230924877896
2.334424692963648
2.334421439856381
2.334418811166697
2.334419284563377
2.334417966543065
2.3344203516693285
2.3344211065492746
2.3344239605901
2.3344198711294024
2.3344225642869163
2.334423518027879
2.3344205157673623
2.334421696382138
2.334420711521358
2.334420721489541
2.3344222148553375
2.3344235261533908
2.3344240174448565
2.334424677179085
2.3344250207150896
2.334423248513588
2.3344235430220945
2.334424017813963
2.3344252597770327
2.3344221562149428
2.3344239980524977
2.334422134544562
2.3344214525857563
2.334422408020571
2.3344211062623277
2.334423160533706
2.3344262167810315
2.334421284877999
2.334420737884295
2.3344213233839106
2.334424480984338
2.3344243888009704
2.3344236157150675
2.334423462449605
2.3344217730871724
2.334420457861354
2.3344232983513886
2.334424384354186
2.334423825045377
2.334424205419233
2.334426266651011
2.334423070616698
2.3344208610545536
2.3344191362358844
2.3344190075309155
2.334416761717314
2.3344159226435246
2.3344145338000026
2.3344167106271834
2.334417384258915
2.33441413391996
2.3344135091942015
2.3344167699634726
2.3344149647074692
2.3344154085825406
2.334416026893622
2.334416344299987
2.334415701534079
2.334414731566676
2.334414512701123
2.3344142401512094
2.3344089776346744
2.334410890841316
2.334412863535806
2.3344135230934144
2.3344114206748734
2.3344098934175737
2.334407850825908
2.33440916159411
2.334409679833561
2.3344109560746134
2.334411536721555
2.3344100614032666
2.334408253286892
2.3344113077061577
2.334411664625423
2.334415886500725
2.334417776451019
2.3344166163974838
2.3344181189509228
2.334419897453565
2.3344187222350636
2.334417560839166
2.3344195379198687
2.334419462436069
2.334418493836953
2.334419349589484
2.3344164219495367
2.334417158937576
2.334420330371065
2.3344193433281535
2.3344193691179957
2.3344164308638886
2.3344163612220346
2.3344139687159378
2.334414731002729
2.3344137837478107
2.334413512472962
2.3344133428551532
2.334414105843323
2.3344163325151888
2.334419770089845
2.334419752783018
2.3344162833493995
2.3344149506758676
2.33441645961203
2.334414763650011
2.3344142780107924
2.334414206027787
2.3344117374145394
2.334412311220762
2.3344084698327685
2.334408869467766
2.3344058975681103
2.334407244485286
2.3344080000713805
2.3344068598543615
2.3344042191477996
2.334404750915022
2.334406255728766
2.3344051603500446
2.3344044075784587
2.3344040468851173
2.3344049729646574
2.334407306401153
2.334408072928282
2.3344081412083035
2.3344109142465763
2.3344112435281352
2.3344090391173973
2.3344070883818318
2.3344031962541254
2.334404486956853
2.3344044523566065
2.334405428717423
2.3344051564829424
2.3344050798468254
2.3344023841852253
2.334406100753671
2.334403838629524
2.3344002231050784
2.3344007912065448
2.3344030569272496
2.3344026320554834
2.3344064926463783
2.334406982819168
2.334405947424458
2.3344083203964563
2.3344084673630223
2.3344053980051416
2.3344040996103623
2.3344030806838774
2.334403945891426
2.3344056176941637
2.3344065978410735
2.334408019254244
2.3344060645571885
2.3344029258352363
2.334403931956248
2.33440351689348
2.3344022164703264
2.334402329958949
2.3343996805967633
2.3343980863830063
2.334393504682169
2.3343933511565136
2.334393409921444
2.3343943128793248
2.3343897589022222
2.3343913681704467
2.334393803271406
2.3343981927664625
2.334399529586351
2.3343995944496876
2.3344009020960583
2.334400987472073
2.334399960352347
2.3343971037346543
2.334397230068954
2.334400674875086
2.334398820747695
2.334397884737334
2.334397032703068
2.3343987967340594
2.334403176629553
2.3344017365168397
2.334400246833338
2.334402982765523
2.3344027604530013
2.3343978925011397
2.3344002960995462
2.3344003312489665
2.3344018460500306
2.334403826939884
2.334403080247433
2.3344064810560736
2.33440995153746
2.334411982905866
2.3344106725175275
2.3344128997937097
2.334413800365139
2.3344140347935975
2.3344136941892693
2.334411231401069
2.334410433263673
2.3344084963760166
2.334409642013636
2.334408746674759
2.3344073018674587
2.3344039157496224
2.334403313198141
2.3344028758048183
2.3344011280800085
2.334402739966105
2.334403448751028
2.334401748480386
2.3344034092106445
2.3344041007916907
2.334404767098312
2.334406230445856
2.3344095484078045
2.3344104245588286
2.3344132117500176
2.334412421837126
2.334411728547877
2.334409828655723
2.334408599218598
2.334411892718119
2.3344137576298656
2.3344135071051317
2.3344128277758562
2.33441071830932
2.334409484225844
2.334410501849406
2.334406460230569
2.3344127336125515
2.3344104934211076
2.3344112465891786
2.334413215450968
2.3344133876291346
2.3344153070695253
2.334416761079447
2.33441539479239
2.3344142477092613
2.3344145086029027
2.334416115107674
2.3344180852643355
2.3344190866863985
2.3344226406349247
2.334425469939776
2.3344256068787317
2.3344263045452056
2.334428073707585
2.3344264618804202
2.3344233149062426
2.334422745666406
2.3344221460580314
2.334419414745159
2.334417287740641
2.3344132469027836
2.334416870207308
2.334416364425117
2.3344156242200476
2.3344149902557745
2.334413575058951
2.3344155770679245
2.3344132811951566
2.3344150711026805
2.334416765483639
2.3344135077929327
2.3344137053339433
2.334413533506606
2.3344121021673088
2.3344091236094435
2.334409073298551
2.3344100837472976
2.3344103325879964
2.334410272984704
2.334411028468108
2.3344109693005923
2.334414385653372
2.334412356870993
2.3344122373970966
2.3344123745153023
2.334410458305008
2.3344073375864745
2.3344074845858978
2.33440582482788
2.334406044991794
2.3344055641657
2.3344055239386963
2.3344030766492123
2.334401909273087
2.3344050219046677
2.33440498081904
2.3344050081738015
2.334404196817263
2.3344045248588325
2.3344058511079395
2.334402787092223
2.33440288377474
2.3344002740262852
2.3343988911801987
2.3344000962268883
2.334398114655651
2.334400963619646
2.3344004192524794
2.3344006089554417
2.334400501439741
2.3344031897823045
2.334405951616061
2.334405950058611
2.334407073549458
2.3344053633927295
2.3344059974567237
2.3344074207814094
2.334405464018328
2.334406433091202
2.334405728102922
2.334406156929192
2.334406876580582
2.3344062071954137
2.3344044199823815
2.3344070254966596
2.334404964169799
2.3344054520799684
2.3344051976783926
2.3344080470572814
2.334408256822114
2.334408478446996
2.3344060245963236
2.3344076810071175
2.3344055543451065
2.3344083179616626
2.334408443392153
2.33441066493689
2.334411342630996
2.3344115674389516
2.3344101998562867
2.3344118641586475
2.3344120441588205
2.334416300104331
2.334417573432496
2.3344181806951996
2.3344170427011095
2.3344179342681612
2.334418880820009
2.3344180422457232
2.3344149781971812
2.334415980676601
2.3344147171268546
2.3344168218236843
2.3344179273160726
2.334418393305163
2.334416995800215
2.334419495742114
2.334420323753438
2.33441862157436
2.334419214310694
2.334414608289062
2.334415563789123
2.334416120030446
2.3344159374306765
2.334414960574866
2.3344117477925725
2.3344111783269432
2.3344123840886293
2.3344099944173573
2.3344094655051437
2.334408549740459
2.334408083773338
2.334407843730466
2.334406205876782
2.3344052262467163
2.334408876456988
2.334411632709254
2.334409699210606
2.334409667588175
2.334408175206689
2.334406721678745
2.334405046591837
2.3344029767664716
2.3344017184640657
2.334402645830531
2.3344034524683797
2.334402510431273
2.334401478221751
2.334401728946363
2.3344011625856758
2.334401377757372
2.334400948020965
2.3343991289742787
2.3344011364858845
2.3344024637102407
2.3344052472210546
2.3344065463482444
2.334406905710293
2.3344068173130643
2.33440964717306
2.334408857684573
2.3344100971895316
2.3344128237035715
2.334414039422075
2.3344142117991478
2.334415677687555
2.334416514952166
2.334411795402437
2.3344099626189645
2.334409856767638
2.334413584550798
2.3344112797690473
2.3344154503948262
2.334413731691592
2.3344115263332865
2.334412067116103
2.3344110899248607
2.3344096619133317
2.3344068004787424
2.334401363665965
2.3344026136297233
2.3344014987580772
2.3344049047144315
2.3344042961438642
2.3344062139349373
2.334404951812214
2.3344077814155453
2.334408667608285
2.334407648459274
2.3344044766691936
2.3344024377067565
2.3344017292088
2.334401882065642
2.3344024478404855
2.3344012590706424
2.3344023266439784
2.3344024472997953
2.3344077526470897
2.334406909747028
2.334406132944709
2.33440820955476
2.3344078655908067
2.33440760550178
2.334408334647588
2.334409300767131
2.33441066202848
2.334412154476866
2.3344105176556456
2.334411981954566
2.334410487834604
2.334412115495013
2.3344125348861873
2.334411524326895
2.3344143287192796
2.334410529451607
2.334414292992173
2.3344153372414143
2.334414946798894
2.334410192502684
2.334411300129502
2.334409382226281
2.3344110516279803
2.3344123977846625
2.334407568625661
2.3344100022775316
2.3344070307539915
2.3344117552831216
2.3344130413587774
2.3344099652481534
2.334409571647949
2.334410066578472
2.3344109359558183
2.3344095591931624
2.334405541032651
2.3344060521645638
2.3344049641226947
2.334403401567756
2.334403046796703
2.334400985086573
2.334402282574508
2.3344028198820466
2.3344044948287395
2.3344008826198794
2.33440033397167
2.334399982018342
2.334400595491835
2.334401093832823
2.334397686114747
2.334399808469956
2.334398269416201
2.334397247324741
2.3343952395794276
2.3343982951469524
2.3343970572806945
2.3343968634623993
2.3343987970826547
2.334400370197688
2.3344002152021064
2.334401155167463
2.33440283920167
2.3344033661225487
2.334402076329993
2.3344014206963433
2.3343993488175676
2.3344001951308146
2.3344043126656553
2.3344056688335963
2.3344056648201588
2.334403349292532
2.3344022240990903
2.33440047133716
2.3343998219402655
2.3344029797389694
2.334400982091841
2.3343984834920626
2.3343968829999597
2.3343994331106006
2.3343987091407667
2.3343980917262086
2.3343940922195014
2.3343922926029337
2.3343956187293466
2.3343942111473246
2.3343966589901983
2.334398190142444
2.334395907047422
2.3343970474892743
2.334395531619485
2.3343994128548045
2.3343975390796268
2.334398000060505
2.334395329842742
2.3343914489028896
2.3343885445539474
2.334386804839387
2.3343850823582692
2.334382567950662
2.3343822770303753
2.3343855239829145
2.334389718241725
2.334386865140186
2.334388945473086
2.334389169065096
2.3343892796863552
2.334388828171762
2.3343875496379924
2.3343838135344583
2.334383937998365
2.3343851621120777
2.3343851347804754
2.3343876687692027
2.3343870813587624
2.3343852513392407
2.3343869387731884
2.334387220487286
2.3343892566688216
2.334388162372318
2.334386499619983
2.334387378542116
2.334386950344545
2.334386567735444
2.3343840827697058
2.3343820782012075
2.334382289918704
2.3343820262467605
2.3343808401898367
2.3343802608801365
2.334381553389578
2.334381042161851
2.3343818245395123
2.3343814355512444
2.3343840820881465
2.334385256016529
2.3343867134207392
2.3343839950180727
2.334385969736841
2.334385062088672
2.3343840968208522
2.3343832055216343
2.3343793428368147
2.3343826826038994
2.334384795038191
2.334383298884078
2.3343844691823303
2.334384092695068
2.3343845234964173
2.3343832559184703
2.334385090918421
2.3343871792824555
2.334386258713809
2.33438743727403
2.3343858376911424
2.3343869401725392
2.3343888382374756
2.3343901192882215
2.334393276971662
2.3343936819029483
2.334391124548406
2.334394378267416
2.3343948090852704
2.3343953607896175
2.334398653648742
2.334398742088103
2.3343971968194324
2.3343962716026807
2.3343928256668467
2.334393155295964
2.3343961495449577
2.3343964137922355
2.334396065489707
2.334395062585125
2.3343966873868145
2.3343954676361545
2.3343940331295876
2.334392419387708
2.3343895641283745
2.334392168434567
2.3343958971612437
2.3343954396618685
2.3343933912266928
2.3343942196999428
2.3343934584623116
2.3343963891668746
2.334394955194076
2.334394960861781
2.334396356277318
2.3343985522540094
2.334401910406892
2.334403599331923
2.334403014782454
2.334405401889289
2.334406485489677
2.334408373406772
2.334409511927493
2.334410828026796
2.334409493698445
2.3344115488114094
2.3344101250599945
2.3344081165648287
2.334410791777695
2.3344074396594707
2.3344089004453306
2.3344100652161504
2.3344084470928226
2.334406550227434
2.3344045036969243
2.3344021105706756
2.334402425245822
2.3344001685872415
2.3344000173826562
2.334399869596479
2.33439918419456
2.334399048386119
2.3343994416435825
2.3344000773262006
2.3343999480591355
2.3344011267924283
2.334402134737942
2.334403194086748
2.334403209175236
2.334402665795576
2.334399176685972
2.334399790079692
2.334399920930092
2.3344029330254092
2.3344049312958997
2.3344026913114164
2.3344042924720676
2.3344051502124907
2.3344065406422074
2.3344083897530985
2.334407565671308
2.334408227232286
2.334409398341894
2.334409121721695
2.3344053479689335
2.334402331391032
2.334399610239062
2.3343990145153173
2.3343978218967347
2.3343971606096767
2.3343962634981312
2.3343976257735206
2.334391989123748
2.3343926297103947
2.3343935914302296
2.334393166202024
2.3343931720726174
2.3343908893029686
2.3343918058716975
2.334390168672833
2.334391291333825
2.3343912689030266
2.334393365368271
2.3343947995864607
2.334396923629541
2.3343978331364097
2.3343989433282086
2.334397846198306
2.334396063067731
2.334392962027933
2.3343939290477196
2.3343968044152303
2.3343950879888
2.3343960434699293
2.3343972115583744
2.3343965761301835
2.334394192424027
2.3343918351562962
2.334393469741568
2.33439547576494
2.3343993187871583
2.334398666921978
2.3344010439678833
2.334401058969646
2.334400245624438
2.3344011156884794
2.3344003890515395
2.3343982918667043
2.334400349803003
2.334402801853513
2.3344010110470514
2.334399664558788
2.334400414896717
2.3344005293826116
2.3343981375396616
2.3343977710408437
2.334396519728906
2.334397286873393
2.33439992375904
2.334401330216055
2.334403235102604
2.3344008605088846
2.3344020318758947
2.334400774275184
2.3344024406187387
2.334399356287518
2.3343987044328784
2.3343998563351875
2.3344026694829267
2.3344013864158293
2.3344041661229866
2.334405302948649
2.334406695395352
2.334404079733901
2.3344053935805835
2.3344029503834944
2.334403807208913
2.3344035534531193
2.3344006145706913
2.3344003746667696
2.334401793849917
2.3343993751340912
2.3343991326921256
2.334400832495761
2.334401050262117
2.334401077848882
2.3344016801615735
2.334403912880346
2.334404052014352
2.3344043087207007
2.33440513032309
2.334407166403135
2.334407860045439
2.334410764374936
2.334410817686515
2.334413150303009
2.3344154400543986
2.3344124522031064
2.3344123275916577
2.334412917115131
2.334409417107286
2.3344081258956084
2.3344088634332647
2.334410000939235
2.3344088453708034
2.334408686576438
2.3344092507816425
2.334411276173126
2.334413065448682
2.334410528957388
2.334411726523748
2.3344130210144045
2.3344154237385157
2.334416664108451
2.3344135589004864
2.334413237750736
2.334413856653895
2.3344140431186102
2.3344156911322713
2.334415417804336
2.3344149013453594
2.334414885766031
2.3344120859225868
2.3344118455035265
2.334408443757763
2.3344086862588087
2.3344097819253915
2.334409849971201
2.334406492168265
2.3344071254134486
2.3344078343867074
2.3344106506785134
2.334412528401635
2.334408760310587
2.3344086271827824
2.334404681439751
2.3344107774854246
2.3344124115433553
2.334412792920064
2.3344120902144647
2.334406748973525
2.334407463263782
2.334404650693914
2.3344031340429323
2.3344056366510615
2.3344048421990276
2.3344093687640006
2.3344101886618915
2.334407866273631
2.33441058465489
2.334412865367554
2.334410307374665
2.3344086056695215
2.33440813652077
2.334405669767409
2.334404735292953
2.334403815761911
2.334406721273557
2.334404729231122
2.334405540371646
2.33440662896017
2.3344069260615714
2.334408345243769
2.3344108558548493
2.334409089898533
2.334408342292731
2.33440797274067
2.3344058718759784
2.3344040202376246
2.3344055650359756
2.3344091650894345
2.334406941351367
2.3344077794723526
2.3344070844730163
2.3344081264523453
2.3344110272504985
2.334408403381432
2.334408656014147
2.3344088903677327
2.334412567347963
2.33441064406834
2.3344098318340554
2.3344098897033034
2.33440925249502
2.3344109763959495
2.3344114279962525
2.3344114321425735
2.3344142648746877
2.334413287173679
2.334410757876781
2.3344090262255697
2.334409680870593
2.3344121982315933
2.334414730047869
2.334414082437183
2.33441221675603
2.3344125421181934
2.334408082299401
2.334406898618261
2.3344074117539604
2.3344107814907518
2.33441316099186
2.3344106631938213
2.3344143365409145
2.3344116553977963
2.334410168312265
2.3344109362418326
2.3344114639840194
2.3344107749302982
2.3344107091735626
2.3344094204591515
2.334408501511636
2.334410917701993
2.334410228454911
2.3344093211525356
2.3344125440792123
2.334411894298373
2.334414635793364
2.3344121763800323
2.3344134794979254
2.3344124685323093
2.334411981009864
2.3344141283113267
2.3344125757416996
2.3344158485871738
2.334415414579825
2.3344155142238803
2.3344142529822194
2.3344176543225195
2.3344178585434863
2.334415659429733
2.3344201546294014
2.33441940468684
2.334419950106779
2.334419685942721
2.3344177477782404
2.334418346706239
2.3344168078066243
2.334418598439188
2.334419291302064
2.334420051496768
2.3344179900087627
2.334415935591257
2.3344166879419883
2.3344172666725482
2.3344167137009766
2.3344176090759294
2.334419198530219
2.3344187163443215
2.3344145620466406
2.334413149340696
2.3344149803380523
2.334418671886036
2.3344199003548027
2.334419394831321
2.3344193172179337
2.3344178006730525
2.3344164844531043
2.3344137976242623
2.334411420499083
2.3344108837067976
2.3344090329621827
2.3344050443366293
2.3344072086514718
2.334405177664363
2.3344090834579814
2.3344068971518883
2.334410402231787
2.3344078350969286
2.334406700338847
2.334405831573494
2.3344037211204105
2.3344045999623773
2.3344042466477757
2.3344019118541928
2.334406089639217
2.3344071472361283
2.334404873031746
2.334407280509652
2.3344065002165344
2.334404475562924
2.334403269378397
2.3344029960596893
2.3343999146006236
2.3343984375453855
2.3344018447361594
2.3344014086055935
2.334401740572628
2.334402358887143
2.334402126280805
2.3343991636689383
2.33439567546673
2.3343949386697984
2.3343937969300406
2.334395384720481
2.334395102887748
2.3343957160406865
2.334396090279803
2.3343994767515794
2.3343985698878322
2.334397353527578
2.3343995539786278
2.3343988846802666
2.3344026192315837
2.3344082698255195
2.334411904761127
2.3344123532380308
2.334411120194323
2.3344073221658284
2.334403720453136
2.334400346311405
2.3344004333835655
2.334396819609043
2.334397124551051
2.334395775010141
2.3343964250662825
2.334397643834682
2.334399358603474
2.334403612415403
2.334406352735797
2.334408806001582
2.334408434818659
2.3344088677716086
2.334408507552292
2.334406719556267
2.3344078469528955
2.3344018772042547
2.3344058756136623
2.3344039299984214
2.3344086401310755
2.3344079944493115
2.3344105190507056
2.3344120273136104
2.3344121824640385
2.334409100825456
2.33440748332811
2.3344119432805464
2.33441272302802
2.3344112479694044
2.334410847921959
2.3344076004016054
2.334410574922242
2.334411712808121
2.3344122861172054
2.3344115150009066
2.3344158057864184
2.3344138494303994
2.334414628112711
2.334413131993531
2.334412357514034
2.334411462979824
2.3344099847383286
2.3344110433773677
2.334412471799495
2.3344112162365653
2.3344066665964873
2.334406884877398
2.334405085785106
2.334405572377281
2.334405734779082
2.3344061086088916
2.3344049081920066
2.3344041298427425
2.3344027671847196
2.3344025639719335
2.3343996598220333
2.3343984209520703
2.334396271699126
2.334396504596946
2.3343940833535095
2.3343957995798816
2.3343968394275563
2.334397683554565
2.3343982502875456
2.334399502249187
2.334401176102955
2.334400527565451
2.3343999036168475
2.334400072935974
2.3343992122944544
2.334403873427821
2.334406768405615
2.3344089984387053
2.3344093839958955
2.334411292290296
2.3344105400038924
2.334411928534009
2.3344128117388587
2.334411767245582
2.3344105487404856
2.33441177750306
2.3344112316476617
2.3344118055346277
2.334412866280089
2.3344096690657765
2.3344128460248723
2.334412526659306
2.3344136073810864
2.334413688299523
2.3344127970250526
2.334415510863261
2.334415728814782
2.334416877167587
2.3344169710838383
2.3344169523202227
2.3344162049931056
2.3344177384169766
2.3344163350139335
2.334417748799437
2.3344206247742
2.3344198585515157
2.334415552529476
2.3344127691098056
2.3344096878270624
2.334411916055781
2.3344126280361057
2.3344111793790905
2.3344078459017195
2.3344065484751884
2.3344093267360577
2.334409459543626
2.3344082690599843
2.334405126853041
2.3344056107027593
2.3344058398820127
2.3344072531482825
2.33440755608177
2.3344094736699272
2.3344078700559825
2.3344029250717275
2.334399479379607
2.334396789125355
2.334393474148364
2.334395727531728
2.334396791335078
2.3343982418667073
2.3344000833351943
2.334402272404578
2.334403133505397
2.3344012195028134
2.3343984296064852
2.3344000574687453
2.334397104062753
2.3343960813191527
2.33439637898483
2.3343954259229807
2.3343929883877337
2.3343899784891398
2.3343889676441716
2.3343900926019567
2.3343926930672505
2.33439103119869
2.334387664226693
2.334388528680544
2.3343892821582335
2.3343884004056252
2.3343906116512505
2.334393111683999
2.334395339641408
2.334396086568672
2.3343948196698157
2.334396510755606
2.334398656141859
2.334398201419026
2.3343974833624705
2.334397663173231
2.3343983758366478
2.3343976140158693
2.334401847265872
2.3344068459349616
2.33440896896035
2.3344119269048997
2.334409990106197
2.3344096838754886
2.3344084398145446
2.3344092008526625
2.334413273174931
2.3344136172838694
2.3344115154773744
2.334409866681499
2.3344094829991047
2.3344094128389137
2.3344111591941727
2.3344106376483755
2.33441282200665
2.3344123525984886
2.3344104181088228
2.334412757095356
2.334411955024202
2.334410205227307
2.334413754749959
2.3344172064054436
2.334420588414015
2.3344195672573758
2.334417802433246
2.334415849785552
2.334413505537542
2.334414569367146
2.334415465150338
2.3344150115065565
2.3344141772543034
2.334415698959974
2.334415178133733
2.334413726556823
2.3344120935241266
2.334411563594618
2.3344096878481233
2.3344111954806173
2.3344132583059616
2.334412844804602
2.3344114431894054
2.3344114352768943
2.3344114965118017
2.3344114663515643
2.3344065737197104
2.3344084784249604
2.3344081617276355
2.334405941061966
2.3344006483727924
2.3343987181757018
2.3344020202704376
2.3344030349007054
2.3344047017729737
2.3344041938428375
2.334404009528463
2.3344050431650865
2.3344064674997322
2.334405643433555
2.334406114692064
2.3344054421785896
2.334405819656571
2.3344009609904455
2.334403403307589
2.3344066439492024
2.3344078229954084
2.3344099610597566
2.33441157502992
2.3344084536322347
2.334409268721686
2.33440875185314
2.3344077466767685
2.33441048295388
2.334408828902608
2.334409274152253
2.334403472857219
2.3344002181958468
2.3343998670607293
2.3344004616863336
2.334402456039151
2.334405130784257
2.3344007662499338
2.334401143420557
2.3343976796416404
2.334397780009686
2.334399098072899
2.3343989067189197
2.334399592072324
2.3343996019934274
2.334398361117025
2.334399159755338
2.33440082388556
2.334401245857754
2.3343998071957284
2.334400077945855
2.3343992020115603
2.3343985391150324
2.3344025370454826
2.3344019375184533
2.3344037315965487
2.334404792167864
2.334406195780981
2.3344058727741395
2.334404508289284
2.334404065312697
2.3344035072419107
2.3344020202175897
2.3343999239685402
2.334400625827327
2.3344002619419486
2.334403275675904
2.3344046260902607
2.334399907995555
2.334396708760212
2.3343933222354827
2.334394267847682
2.334394134900839
2.334394332223309
2.3343931508555302
2.334391614853455
2.334391530400568
2.334387124534575
2.3343868453154326
2.3343851498171384
2.3343850092593623
2.334383531647893
2.3343847416504917
2.334385527967487
2.334381223254825
2.3343782868770657
2.3343789443028142
2.334383935005302
2.3343852988788423
2.334388113771154
2.3343832168111867
2.3343850528888006
2.3343840491525483
2.3343836490583
2.33438558941054
2.3343852813092543
2.3343865846072602
2.3343898009742126
2.3343904787087486
2.3343919852017914
2.3343923950710423
2.3343940465316844
2.334394763622179
2.3343906475430045
2.334389144235577
2.3343874941816902
2.3343860854177105
2.334389644615744
2.334389635580857
2.3343879509088548
2.3343853995992982
2.3343824516148888
2.334383864548009
2.334381706226948
2.334384331019814
2.334386992589365
2.33438569431326
2.334384047405178
2.334385008033917
2.3343837907724008
2.3343870558438016
2.3343892771793886
2.334387984258084
2.3343887581594354
2.33439002238703
2.3343889876938304
2.3343894197731614
2.3343931196869656
2.3343946942695917
2.334395243742958
2.3343961634325594
2.3343953651614586
2.334397115554873
2.334397362793337
2.33439961633075
2.334400741116361
2.3343938478430655
2.3343952449409704
2.3343933918280877
2.334396275555122
2.3343962804627867
2.3343959523398534
2.3343976419812145
2.3343958282353943
2.3343928331235713
2.3343974226711453
2.33439459211673
2.334395660327869
2.3343976056387863
2.334397592344195
2.3343969126171396
2.3343979576170746
2.3343981507962703
2.334399539322163
2.3344000841504604
2.33439990082829
2.3344009673461024
2.334403912387472
2.334403391801479
2.334402606121923
2.334403313791401
2.3344059501904697
2.3344053715023785
2.334406655453652
2.334406499520224
2.3344073432270886
2.3344044058738485
2.3344039933504575
2.334402494296533
2.3344039128496368
2.3344002903935435
2.3344039266824015
2.334401174583169
2.3344015603029784
2.334403833513646
2.3344036800940864
2.3344030153790243
2.3344057951424726
2.3344060511570643
2.3344077813675774
2.3344066882968075
2.3344064436503174
2.3344049828749256
2.334406021586543
2.3344042079464
2.3344039027383525
2.334406241197654
2.3344071580107575
2.3344060596429284
2.3344067660640824
2.3344035237775995
2.334405607397457
2.3344073360364628
2.3344054799685825
2.3344061735081167
2.334403811385297
2.3344033489851954
2.334405470270223
2.334406657719635
2.334407132599888
2.3344055561663724
2.3344081247290016
2.334413412119959
2.3344123750379207
2.3344121673896985
2.3344125635108584
2.3344100779112904
2.3344118894520034
2.334412943248484
2.334410917302533
2.3344116620830535
2.3344095814929884
2.3344090928414665
2.3344068174625865
2.3344045755541103
2.3344029011885907
2.3344023345923266
2.3344046261230256
2.334406217430564
2.3344070235120244
2.3344074867533386
2.334406068083178
2.334408383250733
2.3344084605893163
2.3344083415474635
2.334407873485374
2.3344053226689407
2.3344041636573927
2.3344034263245668
2.334402433936233
2.33439938733445
2.3344002801392914
2.33440302882819
2.334402503955352
2.334401912590717
2.334401275171425
2.3344025752889945
2.334404230762773
2.334405134285112
2.3344060399535884
2.3344083718440802
2.3344090243886852
2.3344086470789844
2.3344091814505266
2.3344105979498764
2.3344083324013063
2.3344104843219524
2.3344111584709464
2.334410407160724
2.3344119072840335
2.334413188467235
2.334412320125417
2.3344118429525387
2.334412051772715
2.334412010437629
2.3344132302743197
2.334414044667778
2.334411240580495
2.334410961679188
2.334410632947545
2.33440994704864
2.334408827619666
2.334408601040944
2.3344105350436246
2.3344108966746666
2.3344086805673543
2.3344065840149155
2.3344069396292593
2.3344068970646
2.3344082729943976
2.3344096609531797
2.3344092264444596
2.3344092420245492
2.334411607555917
2.3344092403607535
2.334407349826392
2.3344088550974798
2.3344101386777782
2.334410878465238
2.334414033714802
2.3344190427525984
2.334420597803102
2.3344188048816625
2.334420021328437
2.334417818242268
2.334418767775886
2.3344195065284175
2.3344216278640313
2.3344215357539038
2.3344211764048053
2.334422185362556
2.334421020646469
2.3344222053847057
2.3344193380845812
2.334421513688702
2.3344207442551106
2.33442096820012
2.33442104528422
2.334418031663238
2.3344190516037346
2.3344151012235645
2.334412987630505
2.3344108123650167
2.334410853035952
2.334410344181226
2.3344116130687773
2.334412582594247
2.3344113955639783
2.3344096781821895
2.334411011019393
2.3344114204292263
2.3344111578080575
2.334409137887801
2.334408755821717
2.334411165680654
2.3344118175995843
2.334410923612176
2.334409625791147
2.334405938232315
2.334404318158424
2.3344055119456364
2.334404536173923
2.3344058194993638
2.334404710363502
2.3344060255537546
2.334406176946496
2.334405022980154
2.3344034756007748
2.334400507372373
2.3344024197495967
2.3344030907075215
2.3344018731491674
2.3344029775277897
2.3344041801025903
2.334405810469749
2.3344039918588373
2.334402796668617
2.334404624619064
2.3344016470251834
2.3343981503394797
2.334400012818175
2.334399542188128
2.3343975772993475
2.3343960900130374
2.3343967547575977
2.334399584242506
2.3343993812780144
2.3343943648105707
2.334394761331761
2.3343962006774746
2.334396196660014
2.3343973858920632
2.334398711845325
2.3344018611470587
2.3344036289739196
2.3344019242442284
2.3344064967567215
2.3344048509208224
2.3344047429074823
2.3344044143232128
2.3344038902867905
2.334401387879145
2.3343995462044007
2.3343996091779746
2.3344031476773868
2.3344049542660468
2.3344049406852774
2.3344057118976655
2.334405841165029
2.3344069911408956
2.334408431870564
2.334407914898388
2.334409218778217
2.334409326550106
2.3344088576174213
2.334409270934249
2.3344122880574516
2.334406744010739
2.3344057798481344
2.3344041699117426
2.3344041919753824
2.3344070090432165
2.3344073386783992
2.334409139630862
2.334409320872207
2.3344097436849762
2.334411253584433
2.3344098355331697
2.334408970196809
2.3344128086983176
2.334411689330693
2.3344096029373618
2.3344078094735177
2.33440794528758
2.3344069194676726
2.334406327100434
2.334409958686969
2.3344111789445785
2.334414757898173
2.3344151113768246
2.3344157905362977
2.3344207530109475
2.3344211045423084
2.334422467176275
2.3344243793154584
2.334424032565921
2.3344227432361087
2.334424006305623
2.3344243856638807
2.3344231844702428
2.3344241341886867
2.334425089562257
2.3344251647395673
2.334422989275406
2.334425210535504
2.3344208208360784
2.334418863835699
2.3344171173754455
2.3344178361845818
2.3344185606561645
2.3344200644406166
2.3344200726228896
2.334419716643324
2.3344203953328893
2.33441737583869
2.3344170913436257
2.3344148784742442
2.334414435083568
2.334417061105901
2.3344168522203925
2.3344182981884414
2.3344146965290933
2.334414824038921
2.3344132841327947
2.3344127557606824
2.3344131952834806
2.3344139612883357
2.334413555285428
2.3344125420366284
2.334410600256004
2.3344109020331496
2.334411501490797
2.3344117108086904
2.3344133037476573
2.334417944207108
2.3344162184275183
2.3344166222508034
2.3344141668477154
2.334412662266624
2.334413250888171
2.3344118412855894
2.334408585729317
2.33440675828605
2.3344072058850336
2.3344092118747004
2.3344073716454417
2.3344087254536485
2.334405936369269
2.334407846783281
2.3344087784131133
2.3344066255603098
2.334406301511606
2.334408665436266
2.3344088911393377
2.3344085707701203
2.334412088705371
2.334413924971908
2.3344156562223106
2.3344140386190046
2.334413008318734
2.3344145330238675
2.3344150506068804
2.3344164225627404
2.334413893499431
2.334413074073629
2.3344163065977566
2.334416082943997
2.3344173418052696
2.3344168250032995
2.3344163593501874
2.3344148992183253
2.334415413527535
2.334418468688799
2.3344187326122623
2.3344188334270632
2.334421624496476
2.3344270167725876
2.3344296773182442
2.334430797513433
2.334431637585712
2.334430191759495
2.334427269657606
2.3344293263357527
2.334429626779669
2.334425989177871
2.3344232019135616
2.334423312006083
2.334425587607487
2.334425952874073
2.334422275009226
2.3344208517866596
2.3344218589389163
2.33442082466114
2.3344181723066226
2.3344165156382255
2.3344149267120646
2.334415598447164
2.334415221254139
2.3344156806043435
2.334412859350631
2.334412498990789
2.334410707883175
2.3344097550793994
2.334407324058967
2.334409700561066
2.334411317962725
2.334410166342702
2.334413376977062
2.3344131929353433
2.3344131704402438
2.3344140148122174
2.3344137984355267
2.334414069117322
2.334414484262884
2.334413964434583
2.3344135460450013
2.334412856032947
2.3344093897361633
2.334408371312208
2.3344107764439244
2.3344099963622935
2.33440851741159
2.3344097496198524
2.3344120941326265
2.3344142137491946
2.334417475088364
2.334417406479649
2.3344143882018047
2.3344154828608694
2.3344149765825195
2.33441554115241
2.334418035549501
2.334421044107915
2.334421264464672
2.3344198029314436
2.334419106920146
2.3344167052144353
2.33441624930467
2.3344162524927543
2.3344124693368613
2.3344156220490166
2.334418124261246
2.3344181703066536
2.3344180593021604
2.3344155107452433
2.3344140641840307
2.334414826943201
2.334417057254273
2.334415064760091
2.3344143289501247
2.3344121520256627
2.3344125908579025
2.334412711239352
2.3344142906852774
2.334413773931604
2.3344168979317135
2.3344138576783195
2.334414181601029
2.334414696690605
2.3344124081736553
2.3344096786610278
2.33440825261824
2.3344107030867685
2.3344083130934408
2.3344059472233476
2.334407357243528
2.3344088058271213
2.334410130317237
2.3344102434763236
2.3344126794838376
2.3344148224528647
2.3344147039705265
2.3344151296880056
2.3344174154169375
2.3344160261775126
2.334414951096868
2.334416116387414
2.334413680755118
2.3344107361317383
2.334412018930171
2.334410702145353
2.33441032015504
2.33440812553792
2.334410815679146
2.334410341206487
2.3344063950543275
2.334405606598776
2.33440585469606
2.3344033619563693
2.33440542675021
2.334405903054323
2.3344030654810592
2.3344023384635313
2.334402131979678
2.334403226919362
2.3344055276299405
2.3344048364553394
2.334407271605661
2.334408606889476
2.334408274027605
2.3344077415888957
2.3344077596838724
2.3344050167848085
2.3344055930088023
2.3344072828351057
2.33440823247575
2.334406748088193
2.334406161192212
2.3344039682350495
2.334402325339536
2.3344028436843316
2.334398154229312
2.334399349317064
2.3344003789506056
2.3344029508584563
2.334400349732912
2.334400597498358
2.3343970527639644
2.334395145329484
2.334394424543013
2.3343913110107164
2.3343909820205595
2.334390481319239
2.3343917869581903
2.3343921808353434
2.334392261756871
2.3343920015854827
2.3343897795516404
2.33439093046573
2.3343958147951045
2.3343947681395685
2.3343950360010153
2.3343958132419567
2.334392888783
2.3343943387297736
2.334397110080061
2.3343974462484023
2.3343986318504335
2.334399418254329
2.3343979119700196
2.3344007782347926
2.3343987755044973
2.334399749146814
2.334399318584577
2.33439923648882
2.334398039262867
2.3343994480258554
2.334400848877558
2.3344015618547473
2.3343990554102683
2.3343989173959994
2.3343999762326426
2.3344002411247526
2.3344009399847963
2.3344032920880897
2.334403250322268
2.3344019660743878
2.3344043327718755
2.3344049316461986
2.334402502769209
2.3344042088680483
2.33440880565229
2.334410012350078
2.3344109277452314
2.334412590955028
2.334409610586799
2.334409917565037
2.3344081912308705
2.3344092013945
2.3344089329636297
2.3344075848950427
2.3344097334781138
2.334409458969563
2.3344078246362323
2.3344076285768773
2.334405743849201
2.334407012245599
2.3344061648496868
2.3344074356439743
2.3344037925041095
2.334403972716768
2.3344026935799267
2.3344043260947513
2.3344022707443406
2.334401659660821
2.3344009882449837
2.334401304294056
2.3344017464233224
2.3344005061603235
2.3344006002194377
2.3343981411950154
2.3343986741584017
2.3343982075229985
2.334398800744864
2.3344002754442528
2.3343985436710546
2.3343994188148285
2.3343974397461507
2.334397659841842
2.334399020026239
2.3343984360297547
2.334400194540001
2.334399130748139
2.3344003780894327
2.3343990375552868
2.334397929469152
2.3343963963906127
2.3343960120796794
2.334395954087088
2.3343951822421185
2.3343956621920947
2.3343949459717384
2.33439348918551
2.334393822713652
2.3343937673362922
2.334393517887055
2.334393353155181
2.3343923303368004
2.3343951565080783
2.334394402857051
2.334391032550596
2.334389601408595
2.3343896551358037
2.334394504566083
2.3343937437265625
2.334396358426181
2.334398422042651
2.3343999146488636
2.3344005575795603
2.3344008700678365
2.3344008570420893
2.334401790592609
2.334404222938803
2.3344033959678065
2.3344059529059553
2.3344081176935894
2.334405722906056
2.334408971725779
2.334410514774386
2.334413927252983
2.3344143806463524
2.3344125928660873
2.3344136373673647
2.3344106218091074
2.3344082080291515
2.3344080887161938
2.3344118526240396
2.334413499897672
2.334414268427436
2.3344138514615853
2.3344117252572345
2.3344073184427225
2.3344061403707443
2.334409491088489
2.334406486482319
2.334407191982516
2.334407033717829
2.334405892222365
2.3344072451620836
2.3344090119703402
2.3344085075979093
2.334411072927124
2.334411615202377
2.334410564725292
2.334415736582133
2.334413606478309
2.334415216458132
2.3344130522442392
2.334414121780379
2.3344121338331294
2.3344128857102397
2.3344121218384637
2.3344143099652395
2.33441384951599
2.3344145451167893
2.3344149078874774
2.3344146462597783
2.3344167565085145
2.334416976678429
2.3344186924996326
2.334421318965441
2.334419382896007
2.3344179722588008
2.3344164933261484
2.3344172853204896
2.3344155233092634
2.3344129979071893
2.3344131187911707
2.334411489648594
2.334411716482198
2.3344123299626487
2.3344160131600917
2.3344188215508757
2.3344164232456097
2.3344113715538684
2.3344099395183986
2.3344065559105376
2.3344078837053694
2.3344086248779696
2.334407644361896
2.3344073633852216
2.334407022919522
2.3344052684029015
2.334403600928886
2.334405258437059
2.334404265329038
2.334408677706908
2.334409235779861
2.3344072993228417
2.3344109046040367
2.3344084935181875
2.3344064022071005
2.3344079891591067
2.33440779330478
2.3344088268706153
2.3344083273436835
2.334406344432205
2.334407246610189
2.3344065989999843
2.334406570163069
2.3344083150731443
2.3344093964911896
2.3344081148081544
2.3344099620858545
2.33440962302451
2.334412186936644
2.33441321264033
2.334411905972771
2.334411561827912
2.334410035837402
2.3344088070978537
2.334407027903702
2.334408761366756
2.3344064531327313
2.3344093072522365
2.334409349451903
2.334404250127595
2.334401666036809
2.334402968878365
2.334401371498096
2.334402973210645
2.334401895816131
2.3344036552058434
2.33440447019713
2.3344034100652795
2.334405359971492
2.3344062920359967
2.3344040446599137
2.33440579385629
2.334405441703067
2.3344073545445014
2.334408981994179
2.3344081923519204
2.3344103520614423
2.3344108834241513
2.3344102049309683
2.3344098713774293
2.334410050414819
2.3344117678611824
2.3344112875986336
2.334411273611018
2.3344106719571944
2.3344137844939
2.3344147434570885
2.33441392755011
2.334410759800496
2.3344076926626114
2.334406361143783
2.334406067898896
2.3344063276091616
2.3344064050770905
2.3344077453380865
2.334406488520634
2.334403720593733
2.33440449424175
2.3344039637180107
2.3344050516411246
2.3344067676636913
2.3344072030071605
2.3344046483072423
2.334402219638264
2.3344023560901874
2.3344024055123422
2.3344048097305046
2.334404507965291
2.3344052066985257
2.3344017243572353
2.3344032817233313
2.3344075988477546
2.334411129808172
2.3344115383884416
2.3344125163606284
2.334411219685294
2.334407788092743
2.3344078898076273
2.334407192803012
2.3344040335113188
2.3344059645376354
2.334405387989066
2.334405766891748
2.3344063970917834
2.3344036297574102
2.334406348095163
2.334408312843628
2.334406608190444
2.334403816982712
2.334405087679962
2.3344052868181997
2.3344045086283667
2.3344036042650753
2.3344044184285133
2.334407925936375
2.334411486843633
2.334412928818891
2.3344133056493837
2.3344110653098893
2.3344146288570387
2.3344134297383485
2.334413532921737
2.334414181177662
2.334414031787452
2.334415041985244
2.3344149942158463
2.3344168412554858
2.3344146317311667
2.3344171764906028
2.3344220194812406
2.33442150644915
2.334421846247729
2.334423845134357
2.3344216799806
2.3344236822090276
2.3344224640528397
2.33442174855195
2.334420125322618
2.334417149162431
2.3344189271581235
2.3344152995742
2.3344113074474833
2.3344113227206797
2.3344063385394462
2.334407756699692
2.3344117734284566
2.334414278696658
2.3344149016526123
2.3344129190971166
2.3344120544837814
2.33441415995009
2.334412193991492
2.3344113499364276
2.334411273661854
2.334411946251952
2.3344109749207957
2.334411277692071
2.3344104473808387
2.334409849726645
2.334409750880809
2.3344120649866804
2.3344099348112657
2.3344113617225015
2.334412514299768
2.334412457756094
2.3344093044995518
2.334409267550772
2.3344079575905305
2.334405478722018
2.334405505171528
2.3344090110702846
2.3344120327837845
2.3344133601440187
2.334413761182812
2.3344143237888217
2.334415857632812
2.3344164164978296
2.3344162457855444
2.3344153625229653
2.3344157705877824
2.3344149102042375
2.334418928033642
2.3344213924451
2.334419959769161
2.3344187550233846
2.3344141873034423
2.334413311098182
2.334413957317426
2.334412329119327
2.3344141646744103
2.3344158895763676
2.3344146599824733
2.334411235282582
2.3344106746876974
2.334412060851021
2.3344129747112587
2.334412129618478
2.334410435756192
2.334409722397307
2.33440878836949
2.3344074838964626
2.3344085415412206
2.334407646696274
2.334408964146008
2.3344066033958355
2.334409118180883
2.334408677405908
2.3344094748667406
2.3344097715256735
2.3344124948482605
2.334414790486399
2.334414495269988
2.334412252377983
2.3344143572152802
2.3344166627525547
2.3344150419106118
2.3344130090665884
2.3344142384238054
2.334409516972703
2.334415320309487
2.3344116737502385
2.334416255459916
2.334419056594722
2.3344171409827927
2.3344201783094998
2.334420751363813
2.3344202043210367
2.334416043113366
2.3344158275367195
2.33441579275802
2.334418463492197
2.334417660412569
2.3344148756116803
2.334416309751497
2.3344168746784644
2.3344179519004977
2.334421402151523
2.3344195155595573
2.334420768564901
2.3344243696737363
2.3344248878543192
2.334424535559688
2.3344283756362483
2.3344288095941783
2.334427497605023
2.334426587774289
2.334423984959246
2.3344238826647423
2.3344224733879533
2.3344227745222357
2.334421909766413
2.3344223792537315
2.334423567775433
2.3344228440208004
2.334421809519839
2.3344199825161405
2.3344210338790137
2.334421243762293
2.334419627363856
2.3344199083792976
2.334420862661297
2.3344194280852864
2.3344215650235345
2.3344223573186613
2.3344257494211726
2.3344268093106195
2.3344247091413584
2.3344265411348
2.3344260746690533
2.334430069123645
2.33442647225562
2.3344281681066352
2.3344280188495445
2.3344250811946146
2.3344260380646493
2.3344246185994453
2.3344214617177177
2.3344243981348036
2.334426705663906
2.334429544659487
2.3344311555544017
2.3344323082457534
2.3344303561559587
2.334429657258992
2.3344315895440837
2.3344267253184428
2.33442660231919
2.334429319582056
2.334432195898516
2.334431038429856
2.3344314173857557
2.334430725904106
2.3344292417235613
2.334427938035409
2.334433096966319
2.334433136071092
2.334436055792596
2.3344335316230067
2.334433583613633
2.3344343635949256
2.334432195361613
2.3344322228002126
2.3344302035602054
2.3344294857279877
2.334428584466312
2.334429522287971
2.3344321948022135
2.334432186330356
2.3344311828596895
2.334426708244205
2.334423005601682
2.3344230627593645
2.334424158056066
2.334422913976838
2.3344231086731564
2.3344221205248075
2.334424774914505
2.33442303891388
2.3344286100200877
2.3344286355472286
2.334428830914786
2.3344302576183096
2.33442685831503
2.3344288205543755
2.3344302236235848
2.334428767083455
2.3344266561796707
2.334427481417193
2.334426434747881
2.3344246243311613
2.334421755648735
