2.43266
2.4188
2.42814
2.45507
2.44661
2.43906
2.47611
2.50021
2.51476
2.51203
2.53315
2.5124
2.50856
2.53418
2.52992
2.52361
2.51256
2.525
2.50713
2.52298
2.51889
2.49109
2.49466
2.49193
2.49009
2.46282
2.45418
2.46863
2.47882
2.45869
2.47346
2.48537
2.49463
2.48443
2.4876
2.5023
2.48799
2.47439
2.44332
2.46088
2.44615
2.40553
2.38631
2.38576
2.37641
2.38661
2.37681
2.36194
2.39098
2.41285
2.42757
2.44588
2.41515
2.40529
2.41275
2.37475
2.34712
2.35734
2.30732
2.33295
2.35858
2.33901
2.34839
2.35575
2.35875
2.33689
2.30466
2.306
2.28681
2.32576
2.34016
2.36498
2.34878
2.33622
2.31832
2.29606
2.30978
2.29427
2.29812
2.3037
2.32677
2.33702
2.32401
2.28722
2.27364
2.27342
2.24043
2.24506
2.2373
2.23795
2.23997
2.23286
2.25436
2.28404
2.28414
2.28389
2.27935
2.28526
2.27747
2.24781
2.25393
2.25022
2.23454
2.2151
2.2165
2.2084
2.19563
2.20441
2.16869
2.17652
2.16162
2.14744
2.16722
2.1804
2.20947
2.20937
2.2277
2.24603
2.24288
2.2625
2.28099
2.28003
2.2466
2.26189
2.2598
2.28185
2.26709
2.29714
2.32465
2.26697
2.27792
2.27356
2.26264
2.29604
2.25966
2.25716
2.25561
2.23842
2.22057
2.21641
2.21807
2.23107
2.22742
2.23276
2.2109
2.20628
2.2254
2.26616
2.27344
2.21298
2.23259
2.22011
2.20342
2.18491
2.1772
2.17613
2.14466
2.14114
2.14406
2.161
2.16367
2.1577
2.15133
2.15535
2.18575
2.18394
2.17963
2.18345
2.16382
2.16098
2.17755
2.15691
2.12922
2.18031
2.19562
2.2074
2.20059
2.20833
2.20248
2.22813
2.23533
2.2163
2.22023
2.2476
2.24942
2.2445
2.22996
2.19847
2.19228
2.21607
2.2275
2.20384
2.21434
2.19109
2.19771
2.19596
2.18202
2.20625
2.18308
2.20882
2.21593
2.22967
2.20727
2.22307
2.2229
2.23119
2.22719
2.23029
2.25373
2.27147
2.30029
2.29451
2.29608
2.31684
2.36502
2.39812
2.39095
2.38601
2.41906
2.41451
2.41149
2.40519
2.43222
2.46479
2.47478
2.47017
2.46984
2.46885
2.43481
2.44425
2.5002
2.50611
2.51821
2.48809
2.50701
2.51195
2.48551
2.46802
2.4445
2.43888
2.42131
2.39641
2.40391
2.39732
2.39899
2.38563
2.40228
2.37668
2.39577
2.39369
2.40618
2.41176
2.41987
2.4373
2.42583
2.40803
2.41959
2.44183
2.46029
2.45464
2.4373
2.41442
2.42684
2.45618
2.4567
2.4716
2.46068
2.47273
2.46641
2.47606
2.46401
2.45485
2.4368
2.45621
2.43571
2.44519
2.49408
2.47344
2.44688
2.47078
2.44308
2.48739
2.47496
2.46281
2.46909
2.48344
2.48608
2.51082
2.49014
2.49166
2.49199
2.48755
2.5008
2.49109
2.50219
2.49104
2.50595
2.46823
2.48736
2.49647
2.48908
2.48294
2.47634
2.46578
2.46207
2.43197
2.42983
2.43198
2.41773
2.41623
2.39523
2.44591
2.46041
2.44453
2.48065
2.49122
2.51299
2.52105
2.5235
2.54613
2.521
2.53187
2.52307
2.49398
2.47789
2.4808
2.42526
2.42462
2.39626
2.36956
2.37527
2.39875
2.38567
2.38056
2.39624
2.37192
2.34414
2.32956
2.33537
2.35922
2.3626
2.32896
2.32921
2.30514
2.3152
2.32068
2.31407
2.33341
2.30871
2.29523
2.31556
2.30079
2.33114
2.35579
2.35929
2.36322
2.36139
2.34928
2.34254
2.33394
2.34616
2.33613
2.31899
2.35752
2.3718
2.3967
2.39756
2.38448
2.38207
2.36339
2.38704
2.40756
2.42187
2.42973
2.45279
2.43493
2.41801
2.39918
2.35219
2.34488
2.35108
2.36284
2.3764
2.3655
2.37531
2.40796
2.37797
2.34868
2.36235
2.36779
2.38037
2.39395
2.40755
2.39711
2.4179
2.40656
2.43423
2.41165
2.43069
2.4241
2.43472
2.41645
2.41646
2.40087
2.42325
2.41522
2.39762
2.40847
2.43838
2.43539
2.44301
2.43926
2.45617
2.44386
2.42425
2.41745
2.43939
2.42007
2.40878
2.44312
2.45687
2.44803
2.4346
2.43682
2.4204
2.37765
2.35312
2.36404
2.3477
2.33118
2.31749
2.34345
2.36084
2.41578
2.42187
2.44067
2.45735
2.42651
2.41156
2.39208
2.40868
2.44021
2.47786
2.44426
2.45006
2.44912
2.452
2.42393
2.42812
2.42311
2.39592
2.37551
2.36346
2.35211
2.33945
2.35159
2.32465
2.33999
2.3645
2.37826
2.37979
2.3653
2.3503
2.34796
2.33897
2.33356
2.33804
2.34354
2.33348
2.33451
2.33706
2.34997
2.37277
2.34335
2.34452
2.31395
2.29244
2.30394
2.33535
2.35825
2.33294
2.3462
2.34148
2.31626
2.35118
2.32116
2.31243
2.31502
2.31568
2.30332
2.29487
2.32005
2.32026
2.36113
2.3597
2.36838
2.39428
2.42395
2.4234
2.39292
2.41909
2.41012
2.40147
2.39057
2.38897
2.40192
2.40813
2.37599
2.36456
2.3376
2.35448
2.35844
2.37334
2.38869
2.348
2.30464
2.29098
2.28343
2.28316
2.29292
2.30364
2.29849
2.31571
2.28087
2.28867
2.27952
2.29994
2.32118
2.302
2.29108
2.27595
2.27542
2.22951
2.22596
2.21424
2.24806
2.26429
2.29048
2.29437
2.29932
2.29851
2.29709
2.28754
2.26971
2.2937
2.31488
2.31894
2.28908
2.2964
2.26433
2.24854
2.27112
2.32315
2.30567
2.33158
2.34646
2.35131
2.32758
2.33021
2.36742
2.3529
2.38474
2.3921
2.37964
2.37479
2.3817
2.35913
2.38965
2.41301
2.41259
2.3812
2.3627
2.3806
2.36138
2.3759
2.34147
2.32127
2.30366
2.31725
2.3026
2.28954
2.29944
2.26309
2.26628
2.24052
2.28363
2.30796
2.31574
2.2889
2.29498
2.2517
2.26596
2.28339
2.25405
2.26938
2.24452
2.25529
2.24306
2.27449
2.24951
2.22685
2.24507
2.25141
2.25409
2.23781
2.24591
2.23797
2.23519
2.23258
2.24804
2.24244
2.24522
2.23938
2.2389
2.20767
2.19585
2.20342
2.2283
2.2227
2.22957
2.23198
2.26625
2.25591
2.23231
2.2287
2.23173
2.19263
2.20994
2.20573
2.16579
2.1843
2.17245
2.15391
2.14708
2.18062
2.16788
2.14825
2.12938
2.12005
2.12982
2.10657
2.10892
2.11282
2.09913
2.1034
2.12333
2.11801
2.12428
2.20502
2.2205
2.20705
2.18028
2.13751
2.14747
2.14446
2.17319
2.14886
2.18724
2.18037
2.16256
2.17365
2.18985
2.1897
2.18374
2.15719
2.15177
2.13247
2.14275
2.1439
2.10736
2.11133
2.10656
2.08407
2.09754
2.14107
2.1609
2.13491
2.14559
2.12175
2.12777
2.16361
2.16801
2.15873
2.18704
2.19282
2.20574
2.21248
2.19499
2.23137
2.20975
2.19052
2.22963
2.21557
2.21861
2.21079
2.25423
2.2653
2.28478
2.28619
2.25703
2.26842
2.28376
2.22003
2.25895
2.24354
2.22994
2.23418
2.23609
2.23081
2.2617
2.26609
2.24673
2.27262
2.28295
2.30166
2.29316
2.28645
2.25662
2.27009
2.25898
2.27672
2.28119
2.29316
2.24107
2.26991
2.2816
2.30406
2.30504
2.31812
2.3119
2.33793
2.3646
2.38173
2.39587
2.39693
2.38573
2.35785
2.38448
2.39904
2.37192
2.38282
2.38557
2.34914
2.387
2.38825
2.35377
2.35104
2.31836
2.32544
2.35415
2.35449
2.35849
2.35033
2.29881
2.31056
2.32665
2.30204
2.29559
2.28705
2.26852
2.26631
2.2609
2.25559
2.26254
2.25227
2.25091
2.24042
2.25768
2.23175
2.24342
2.24826
2.21967
2.20878
2.20268
2.20214
2.20207
2.17292
2.15638
2.12669
2.15462
2.13602
2.13153
2.07415
2.07878
2.07734
2.07069
2.06551
2.08963
2.08306
2.06737
2.0579
2.06335
2.07573
2.07092
2.05302
2.06405
2.10941
2.14259
2.15514
2.13149
2.12905
2.1309
2.12458
2.13305
2.17576
2.16652
2.17441
2.15244
2.16844
2.17891
2.15177
2.13579
2.11384
2.10195
2.13499
2.14378
2.12618
2.12035
2.12326
2.11951
2.1336
2.14868
2.13156
2.12984
2.12792
2.14792
2.13719
2.15879
2.1538
2.1772
2.15121
2.17525
2.12683
2.10229
2.11643
2.11728
2.12267
2.13413
2.10871
2.11526
2.13702
2.11358
2.07426
2.08905
2.05069
2.06039
2.08757
2.06633
2.08517
2.06895
2.04345
2.05591
2.04755
2.04267
2.0883
2.08635
2.09174
2.08316
2.0873
2.08284
2.12113
2.11693
2.16317
2.15567
2.16506
2.13814
2.11164
2.10613
2.12211
2.11265
2.15561
2.20087
2.16332
2.18382
2.16758
2.16288
2.14203
2.12142
2.119
2.13146
2.12243
2.12887
2.15853
2.12379
2.14588
2.15151
2.16964
2.16714
2.14719
2.113
2.13142
2.0956
2.11011
2.10547
2.11647
2.11271
2.08504
2.09173
2.0795
2.11406
2.13728
2.12927
2.12768
2.11191
2.12177
2.10035
2.10893
2.13166
2.16492
2.17619
2.15568
2.11921
2.12096
2.14307
2.16984
2.15896
2.16324
2.19734
2.21137
2.20526
2.16886
2.15464
2.15108
2.16679
2.17395
2.18844
2.17968
2.19975
2.20275
2.20372
2.19844
2.2022
2.2094
2.19091
2.19418
2.20016
2.1897
2.20534
2.17775
2.15029
2.15159
2.15606
2.17348
2.15084
2.1192
2.10936
2.12782
2.15161
2.11742
2.15054
2.14344
2.11828
2.16204
2.1457
2.11927
2.0973
2.10313
2.12456
2.13308
2.15511
2.17146
2.16121
2.17131
2.16668
2.14277
2.13832
2.1308
2.13222
2.18755
2.166
2.17317
2.16092
2.15469
2.15626
2.19172
2.20482
2.20287
2.22974
2.25798
2.23198
2.24577
2.23946
2.24806
2.24527
2.25528
2.26491
2.27161
2.27976
2.23111
2.24108
2.23699
2.25715
2.21837
2.24297
2.2463
2.28461
2.28767
2.28476
2.27498
2.25497
2.22561
2.24427
2.27808
2.27566
2.27005
2.27825
2.25457
2.26496
2.26348
2.25745
2.2697
2.27301
2.28377
2.29423
2.29745
2.30931
2.31048
2.29745
2.31166
2.35534
2.37525
2.36333
2.35988
2.32741
2.30697
2.29496
2.2995
2.27723
2.28934
2.25074
2.25145
2.2461
2.2697
2.28237
2.29169
2.27195
2.2632
2.26742
2.24924
2.28126
2.29415
2.31971
2.29591
2.28403
2.29564
2.30568
2.29996
2.31619
2.28155
2.26203
2.28945
2.30273
2.28655
2.3086
2.31724
2.32812
2.33828
2.31843
2.32287
2.33968
2.32367
2.33819
2.31645
2.31964
2.3061
2.33114
2.32026
2.31657
2.30112
2.27678
2.26396
2.3308
2.33368
2.32528
2.33853
2.3162
2.31455
2.29395
2.30765
2.30498
2.32492
2.32231
2.3185
2.34504
2.33554
2.32005
2.33815
2.36185
2.37014
2.39134
2.36097
2.37389
2.38002
2.35727
2.36317
2.36032
2.35812
2.36222
2.36164
2.3594
2.32605
2.31033
2.31386
2.26823
2.24935
2.27207
2.24751
2.21873
2.22737
2.2339
2.22627
2.26579
2.26779
2.27332
2.2902
2.3227
2.31646
2.33513
2.35484
2.35248
2.34887
2.32945
2.29827
2.30027
2.28472
2.29995
2.27884
2.29071
2.28237
2.27978
2.27673
2.29935
2.32737
2.33492
2.34692
2.34384
2.35803
2.36866
2.38409
2.37425
2.3648
2.3583
2.34875
2.34644
2.37488
2.35518
2.33236
2.34712
2.34383
2.34097
2.34708
2.33073
2.34337
2.34673
2.33287
2.33045
2.34424
2.34429
2.33257
2.34026
2.36367
2.38232
2.37284
2.36486
2.38846
2.38499
2.36954
2.3725
2.38696
2.39131
2.36323
2.34673
2.352
2.33886
2.38101
2.3576
2.34288
2.35544
2.36392
2.36333
2.38558
2.39754
2.35027
2.36355
2.41082
2.3969
2.39691
2.40008
2.43022
2.45501
2.43157
2.43174
2.45469
2.48254
2.46559
2.43463
2.42088
2.42485
2.44771
2.48573
2.48806
2.51977
2.52586
2.52634
2.53214
2.53887
2.52595
2.51614
2.52309
2.5153
2.50305
2.50582
2.48785
2.48981
2.47361
2.47141
2.47437
2.4663
2.43856
2.48389
2.50582
2.51524
2.49095
2.50748
2.49811
2.51045
2.50862
2.54569
2.54664
2.54627
2.53474
2.51581
2.51978
2.49228
2.51099
2.50805
2.49299
2.47345
2.45898
2.44077
2.46692
2.44332
2.41691
2.42301
2.45892
2.46939
2.51418
2.50186
2.51653
2.5135
2.50937
2.49622
2.50116
2.50376
2.52413
2.52785
2.52156
2.49421
2.49975
2.46846
2.4377
2.42459
2.42563
2.41459
2.40076
2.40279
2.42479
2.41954
2.45064
2.43364
2.4461
2.45803
2.41684
2.41345
2.40014
2.36369
2.35209
2.36582
2.39095
2.38833
2.37858
2.38104
2.36529
2.33232
2.32166
2.30733
2.30083
2.28472
2.25883
2.26404
2.26865
2.27114
2.2636
2.26921
2.2481
2.25478
2.2728
2.26507
2.29024
2.28866
2.30952
2.3287
2.3421
2.31502
2.31235
2.34303
2.34376
2.33051
2.308
2.3118
2.31761
2.32845
2.31982
2.31833
2.30534
2.307
2.31284
2.30391
2.28924
2.28417
2.27872
2.29808
2.30602
2.31346
2.33759
2.34166
2.33889
2.30584
2.33464
2.33755
2.35201
2.34789
2.35416
2.34456
2.33963
2.31748
2.3219
2.30613
2.35119
2.36612
2.34706
2.35787
2.36417
2.40605
2.40474
2.40066
2.40401
2.4251
2.43172
2.44942
2.43391
2.4176
2.38325
2.42274
2.4538
2.44843
2.44587
2.44554
2.43542
2.42626
2.43255
2.43656
2.47674
2.46617
2.43872
2.44638
2.4691
2.47078
2.45844
2.47321
2.48492
2.48139
2.50542
2.54392
2.54757
2.5236
2.52174
2.53088
2.53258
2.50297
2.49162
2.49627
2.48846
2.51581
2.52331
2.54857
2.52316
2.52266
2.48301
2.45902
2.41321
2.4311
2.45007
2.4163
2.39979
2.40992
2.42996
2.42184
2.43192
2.43745
2.42398
2.43227
2.37407
2.37445
2.37252
2.34328
2.34336
2.37342
2.38963
2.39821
2.38027
2.39552
2.39462
2.37732
2.3785
2.35664
2.36573
2.36088
2.39262
2.40794
2.40499
2.4274
2.42824
2.41567
2.42002
2.42028
2.4284
2.44269
2.40387
2.41108
2.42375
2.41696
2.42541
2.46475
2.45864
2.45562
2.47051
2.43527
2.38367
2.4033
2.38865
2.40142
2.40777
2.40499
2.40097
2.4074
2.41912
2.43482
2.43713
2.40991
2.38926
2.37432
2.40412
2.43987
2.4395
2.4408
2.4307
2.45209
2.47666
2.4557
2.4441
2.43535
2.44176
2.42704
2.3951
2.38445
2.39062
2.37684
2.37019
2.35951
2.37794
2.38461
2.39278
2.34571
2.34926
2.35228
2.32565
2.30763
2.30166
2.289
2.2935
2.31653
2.34025
2.33109
2.3534
2.36388
2.3657
2.36195
2.38988
2.38749
2.3706
2.37692
2.3959
2.38006
2.37344
2.36833
2.37218
2.36592
2.35442
2.35427
2.38502
2.38869
2.40505
2.39137
2.36342
2.36091
2.35003
2.3584
2.38473
2.38305
2.36645
2.38551
2.4
2.4426
2.47429
2.48913
2.50683
2.46976
2.44213
2.4129
2.41252
2.40305
2.4282
2.40253
2.39859
2.39406
2.39949
2.40395
2.4168
2.42223
2.39944
2.3962
2.412
2.40656
2.41647
2.41311
2.42231
2.44176
2.43149
2.40728
2.4092
2.40778
2.39592
2.39058
2.39726
2.39333
2.40169
2.38441
2.39287
2.40389
2.39486
2.41469
2.39036
2.39741
2.43889
2.4093
2.45236
2.44475
2.43004
2.45369
2.4478
2.42728
2.41258
2.39663
2.39671
2.4236
2.44359
2.47525
2.49295
2.47668
2.49204
2.50652
2.52632
2.51192
2.50668
2.54017
2.52138
2.50622
2.47854
2.4946
2.45494
2.46792
2.48203
2.44814
2.46647
2.45208
2.4471
2.43789
2.42369
2.43858
2.44023
2.45052
2.4481
2.49106
2.51112
2.4921
2.48566
2.46834
2.42236
2.43609
2.41956
2.43374
2.42962
2.41824
2.40423
2.40786
2.39496
2.37022
2.37704
2.38835
2.37693
2.37097
2.3807
2.37452
2.37768
2.37875
2.37854
2.36955
2.35908
2.38781
2.40527
2.40131
2.41936
2.40648
2.40197
2.38792
2.39886
2.35519
2.31169
2.28709
2.30064
2.29317
2.27994
2.27247
2.26278
2.27193
2.26537
2.2692
2.28556
2.25851
2.27399
2.28734
2.27644
2.26533
2.24349
2.25538
2.26368
2.2569
2.2561
2.23345
2.23617
2.2287
2.23294
2.2459
2.22614
2.22567
2.22771
2.27118
2.29919
2.30487
2.30738
2.26043
2.28226
2.29586
2.31248
2.31713
2.32743
2.32139
2.33084
2.31477
2.30938
2.31351
2.30408
2.27659
2.29909
2.29269
2.32213
2.35477
2.36967
2.36148
2.37148
2.36867
2.40908
2.38245
2.39997
2.41008
2.4279
2.43672
2.44945
2.45474
2.45461
2.43862
2.44048
2.43617
2.41274
2.40693
2.38184
2.38273
2.37434
2.39724
2.41256
2.40525
2.38458
2.36812
2.37628
2.35262
2.35833
2.33778
2.33502
2.33136
2.35404
2.33367
2.32628
2.30647
2.2971
2.26833
2.27903
2.27604
2.28448
2.27354
2.26711
2.27552
2.28472
2.29653
2.29113
2.26349
2.25856
2.21846
2.26122
2.27424
2.25793
2.2732
2.30635
2.33139
2.32474
2.31249
2.31331
2.32851
2.34018
2.35663
2.37189
2.37147
2.38526
2.36763
2.37242
2.35827
2.35666
2.37114
2.36396
2.37516
2.38046
2.37222
2.3706
2.34694
2.3516
2.33996
2.33382
2.39155
2.34899
2.36248
2.32098
2.35217
2.38126
2.41487
2.43668
2.42754
2.42153
2.42855
2.45362
2.48846
2.46241
2.49716
2.4723
2.47572
2.46281
2.44996
2.45722
2.42816
2.40442
2.38956
2.41767
2.39302
2.38637
2.37588
2.37054
2.35527
2.33898
2.34108
2.3298
2.36001
2.39249
2.40154
2.40896
2.39649
2.41926
2.41936
2.39893
2.40527
2.4098
2.43086
2.45626
2.456
2.44648
2.42893
2.42365
2.44714
2.46042
2.43024
2.43643
2.42748
2.38807
2.37082
2.36669
2.33767
2.34151
2.32915
2.3251
2.32308
2.31624
2.29733
2.32998
2.35443
2.34076
2.31976
2.3223
2.31223
2.30768
2.29603
2.27766
2.26569
2.22364
2.20692
2.19771
2.18767
2.16407
2.18016
2.18351
2.21235
2.22431
2.21646
2.18505
2.18225
2.18253
2.18841
2.17518
2.17639
2.17121
2.17217
2.13764
2.1373
2.14126
2.17316
2.19801
2.20203
2.19098
2.20874
2.21271
2.21312
2.21301
2.23572
2.26607
2.24354
2.2406
2.24096
2.2297
2.23659
2.25439
2.24329
2.233
2.24143
2.21813
2.20849
2.20487
2.1861
2.20174
2.22493
2.21148
2.21418
2.21513
2.22145
2.24995
2.23645
2.22524
2.2126
2.19001
2.18554
2.17998
2.1686
2.14727
2.13411
2.15034
2.09659
2.09772
2.0971
2.10059
2.10817
2.12238
2.14116
2.17849
2.17098
2.20176
2.21765
2.20941
2.19574
2.18341
2.17426
2.20169
2.19231
2.18748
2.17826
2.19905
2.19283
2.21825
2.22616
2.22129
2.22711
2.22611
2.22222
2.23868
2.2196
2.19598
2.22503
2.19969
2.23491
2.28804
2.30838
2.30915
2.32332
2.36446
2.3728
2.34525
2.37324
2.37171
2.36383
2.34088
2.31554
2.35669
2.35738
2.35305
2.35976
2.35196
2.34748
2.34735
2.35705
2.3535
2.3776
2.38234
2.39046
2.37625
2.41354
2.44694
2.48342
2.47302
2.49295
2.4825
2.4884
2.48374
2.49569
2.51351
2.50598
2.48251
2.47734
2.49133
2.48073
2.47969
2.44748
2.45063
2.47407
2.44473
2.4418
2.43944
2.44329
2.45427
2.46504
2.45534
2.47988
2.48941
2.48801
2.50345
2.49126
2.49195
2.51274
2.53983
2.5449
2.55222
2.57341
2.53704
2.50517
2.50641
2.49207
2.49547
2.51593
2.5127
2.49274
2.46422
2.48464
2.49852
2.46794
2.48509
2.47403
2.49519
2.44411
2.43825
2.42801
2.43117
2.45649
2.47473
2.44673
2.43798
2.43495
2.40843
2.37254
2.39726
2.40908
2.40597
2.39785
2.42842
2.40446
2.41432
2.41073
2.42218
2.41139
2.43666
2.45441
2.47402
2.45335
2.42202
2.41844
2.40877
2.40335
2.40749
2.39312
2.40618
2.41485
2.4405
2.45775
2.47364
2.4816
2.45647
2.43919
2.43832
2.45332
2.45414
2.46392
2.50779
2.51765
2.52278
2.54917
2.55501
2.55695
2.54347
2.53101
2.54308
2.5057
2.48275
2.44411
2.47216
2.48057
2.48914
2.48978
2.4872
2.46007
2.46137
2.47532
2.48
2.46094
2.47903
2.46869
2.45656
2.41536
2.40923
2.4351
2.46829
2.46198
2.45061
2.42744
2.43538
2.45011
2.47546
2.48582
2.53881
2.54515
2.55016
2.55261
2.57229
2.5662
2.53044
2.52496
2.53534
2.52868
2.53921
2.57601
2.5773
2.59706
2.58372
2.56722
2.56573
2.54303
2.5637
2.59872
2.58685
2.58244
2.60608
2.60217
2.59663
2.56603
2.54398
2.52464
2.47863
2.46736
2.44545
2.43693
2.45793
2.46026
2.45105
2.42101
2.42785
2.42528
2.4486
2.4618
2.46941
2.44996
2.46838
2.47115
2.47164
2.45497
2.4575
2.4142
2.40816
2.38923
2.39365
2.43001
2.42551
2.40689
2.39329
2.38512
2.33011
2.33132
2.31724
2.33394
2.33527
2.34428
2.35633
2.33828
2.36424
2.37932
2.41061
2.42019
2.42305
2.44176
2.43816
2.42976
2.41063
2.40909
2.43492
2.42289
2.42767
2.46313
2.49902
2.48665
2.45553
2.46796
2.4325
2.42791
2.38996
2.38727
2.39212
2.39636
2.36804
2.35327
2.3666
2.3746
2.35365
2.33602
2.35039
2.32869
2.32045
2.3258
2.33406
2.33228
2.31391
2.30537
2.28408
2.30736
2.31577
2.31498
2.29655
2.28942
2.29616
2.27407
2.2903
2.29656
2.32484
2.33374
2.32545
2.30522
2.33323
2.32935
2.35996
2.35175
2.3445
2.36759
2.35377
2.34321
2.35518
2.36973
2.34839
2.32404
2.34248
2.35564
2.35434
2.39544
2.40214
2.4101
2.39662
2.36837
2.35348
2.36528
2.39803
2.39605
2.42397
2.42622
2.41959
2.3719
2.3304
2.31465
2.30944
2.32138
2.3516
2.32388
2.32884
2.30696
2.31386
2.26978
2.25972
2.25735
2.27416
2.28603
2.27738
2.28238
2.24018
2.23126
2.25146
2.25041
2.25766
2.26204
2.25589
2.24856
2.25143
2.26909
2.30791
2.31717
2.31163
2.31855
2.35392
2.30132
2.26576
2.23375
2.19985
2.17969
2.16765
2.18916
2.17363
2.14759
2.14606
2.12599
2.14524
2.15777
2.14743
2.15492
2.13654
2.15262
2.14146
2.1469
2.17146
2.15189
2.15107
2.17136
2.1771
2.23229
2.27571
2.2709
2.29553
2.3002
2.31739
2.34899
2.34856
2.34865
2.37123
2.38075
2.38677
2.40852
2.38826
2.40753
2.34716
2.35048
2.3752
2.3502
2.34818
2.31933
2.31041
2.30732
2.28679
2.34512
2.35886
2.34126
2.31402
2.33259
2.31127
2.3077
2.3217
2.31955
2.32048
2.33418
2.32233
2.29801
2.29759
2.30206
2.26871
2.26237
2.27726
2.28372
2.30958
2.30619
2.31395
2.30354
2.33058
2.37499
2.35248
2.32898
2.34641
2.34867
2.35549
2.32375
2.33335
2.33393
2.31566
2.34381
2.3384
2.31603
2.29524
2.33636
2.34794
2.33409
2.32567
2.35257
2.35068
2.35021
2.32683
2.33556
2.34221
2.32682
2.32244
2.33715
2.36255
2.3744
2.39596
2.39583
2.40685
2.40376
2.40278
2.37355
2.38933
2.38988
2.38458
2.37456
2.35635
2.33287
2.33209
2.33478
2.34018
2.33686
2.30239
2.30722
2.31647
2.32413
2.31484
2.31946
2.31923
2.27625
2.29183
2.30605
2.31767
2.3306
2.31963
2.3241
2.32118
2.27964
2.24967
2.28168
2.26564
2.28887
2.27605
2.27209
2.28473
2.32167
2.31627
2.3535
2.32006
2.31467
2.33117
2.3207
2.31216
2.30654
2.30413
2.26084
2.24902
2.23848
2.24515
2.2503
2.25343
2.27577
2.26758
2.24595
2.27716
2.29073
2.32585
2.31454
2.3163
2.31777
2.31517
2.32236
2.32368
2.35758
2.35788
2.36989
2.34712
2.36908
2.34715
2.33108
2.32774
2.34979
2.36094
2.34585
2.35701
2.33318
2.33254
2.33381
2.31407
2.31482
2.30826
2.33151
2.36633
2.33667
2.33002
2.32991
2.32353
2.34942
2.36696
2.3625
2.36548
2.35072
2.34384
2.32689
2.32658
2.34686
2.339
2.34049
2.35034
2.38901
2.38532
2.38248
2.39248
2.40023
2.42287
2.43251
2.43647
2.43996
2.46541
2.4722
2.48403
2.47057
2.47844
2.44664
2.44655
2.45747
2.45668
2.47604
2.47606
2.46589
2.48702
2.49127
2.48121
2.43857
2.40656
2.41026
2.39701
2.42551
2.42439
2.40402
2.37045
2.35076
2.34446
2.33681
2.36776
2.32477
2.33171
2.3269
2.30836
2.32983
2.31273
2.2812
2.27959
2.2565
2.27866
2.29865
2.33945
2.34834
2.35989
2.32717
2.30467
2.29548
2.32859
2.32128
2.33804
2.32325
2.31575
2.31397
2.28969
2.26902
2.29939
2.30138
2.27107
2.32001
2.28222
2.27491
2.2678
2.28043
2.27516
2.27702
2.28348
2.30227
2.27194
2.27906
2.30833
2.3029
2.3347
2.31412
2.30083
2.29745
2.31833
2.33891
2.33371
2.33742
2.36459
2.38298
2.38606
2.38357
2.36032
2.35759
2.36341
2.34274
2.36503
2.36306
2.33069
2.33512
2.34446
2.32734
2.33189
2.32527
2.32758
2.3397
2.34038
2.32579
2.35081
2.38507
2.37266
2.37983
2.35229
2.36094
2.34975
2.32429
2.29731
2.29351
2.27597
2.24192
2.21864
2.22056
2.20432
2.18651
2.19206
2.20159
2.18203
2.14815
2.13722
2.14408
2.13358
2.10672
2.11365
2.11122
2.0832
2.10203
2.09684
2.10583
2.13002
2.12121
2.11524
2.12092
2.12567
2.13062
2.13372
2.1402
2.14993
2.15949
2.13866
2.13453
2.14058
2.15823
2.14011
2.14844
2.15098
2.15985
2.1394
2.14464
2.12931
2.1052
2.1364
2.13698
2.16253
2.19683
2.19215
2.22131
2.25823
2.25218
2.24682
2.24179
2.22029
2.23722
2.23202
2.22254
2.2193
2.22988
2.24018
2.2443
2.2515
2.2628
2.26992
2.30994
2.32066
2.34131
2.33494
2.35504
2.34628
2.34826
2.32402
2.30653
2.28364
2.26898
2.26655
2.27822
2.30773
2.30146
2.31036
2.29757
2.28093
2.2644
2.25563
2.24518
2.22525
2.2109
2.25658
2.27531
2.25619
2.26115
2.29033
2.26631
2.2193
2.19229
2.20036
2.20361
2.20586
2.18373
2.20796
2.20239
2.21409
2.24109
2.21617
2.25147
2.26739
2.26902
2.28135
2.26522
2.25317
2.2824
2.2963
2.2822
2.27547
2.28948
2.28634
2.28352
2.29371
2.29844
2.28738
2.28867
2.25374
2.23762
2.20845
2.20841
2.20585
2.21166
2.21175
2.20285
2.22337
2.18127
2.17779
2.18845
2.17387
2.20704
2.20377
2.20509
2.2184
2.20804
2.18678
2.19408
2.19935
2.17183
2.1524
2.16992
2.17491
2.1752
2.1904
2.18989
2.18365
2.16918
2.21305
2.19835
2.19146
2.18936
2.215
2.19569
2.18916
2.2211
2.24046
2.25622
2.24706
2.25294
2.24239
2.21463
2.19923
2.21382
2.20854
2.22954
2.25568
2.24379
2.26308
2.29041
2.26588
2.28929
2.30386
2.2903
2.29088
2.25625
2.27883
2.27514
2.27672
2.25083
2.25846
2.27978
2.288
2.28768
2.28241
2.28474
2.24243
2.23453
2.2165
2.2255
2.23531
2.23957
2.24554
2.23761
2.23417
2.22548
2.25917
2.25123
2.24979
2.2266
2.18074
2.24603
2.22693
2.2165
2.23552
2.21459
2.23292
2.20633
2.18051
2.16433
2.14024
2.1487
2.14535
2.14665
2.14288
2.16183
2.16989
2.19442
2.18411
2.16596
2.18961
2.19551
2.18629
2.23382
2.24518
2.26043
2.26038
2.27564
2.32486
2.30151
2.28889
2.31742
2.33673
2.33619
2.35893
2.35925
2.35943
2.36131
2.36928
2.35334
2.37021
2.34598
2.36996
2.35487
2.38084
2.3894
2.40912
2.40603
2.40311
2.4245
2.42133
2.4379
2.44587
2.45712
2.46706
2.50745
2.50913
2.45375
2.4557
2.47516
2.47075
2.47889
2.41218
2.42026
2.40805
2.41439
2.4054
2.41415
2.43471
2.46421
2.50207
2.47324
2.48321
2.46231
2.43308
2.44725
2.44102
2.46499
2.45998
2.47083
2.50076
2.49066
2.53137
2.52757
2.53046
2.53323
2.53652
2.52922
2.53066
2.54695
2.55515
2.57715
2.55334
2.54761
2.55534
2.53819
2.51276
2.51225
2.48928
2.49545
2.50351
2.51299
2.49584
2.49113
2.4655
2.47245
2.47161
2.48925
2.49164
2.5049
2.50628
2.49511
2.49512
2.49517
2.50064
2.47016
2.44973
2.45957
2.44413
2.43619
2.45712
2.45665
2.47021
2.47244
2.46129
2.47793
2.47738
2.45838
2.43198
2.38513
2.3722
2.37742
2.3772
2.37133
2.36341
2.40657
2.41538
2.36005
2.35515
2.36668
2.37803
2.34777
2.36539
2.38075
2.37328
2.35131
2.38624
2.36343
2.35931
2.35628
2.36892
2.35807
2.3991
2.39192
2.38409
2.38693
2.39889
2.41245
2.4208
2.46649
2.4722
2.44756
2.45455
2.42841
2.42417
2.43866
2.41255
2.40841
2.45415
2.4658
2.47103
2.45937
2.49846
2.46544
2.46672
2.42836
2.42312
2.41285
2.41279
2.392
2.41279
2.39581
2.39199
2.41127
2.40438
2.42365
2.43595
2.42792
2.41943
2.41925
2.42257
2.4371
2.43485
2.43596
2.4592
2.46226
2.46786
2.45275
2.42077
2.43118
2.41799
2.43818
2.45129
2.45017
2.4644
2.46165
2.4895
2.48919
2.4832
2.49146
2.50824
2.53753
2.54679
2.53037
2.50518
2.52596
2.53425
2.50111
2.48236
2.52027
2.52271
2.53457
2.54401
2.55098
