2.299320860541827
2.3315730082568304
2.3400798046141444
2.3401684016741826
2.3469451271316983
2.353147323262327
2.3796038620106996
2.378208728864388
2.375154655745577
2.384147503193976
2.372759976963964
2.358837931243226
2.3108665338209793
2.298908263911862
2.285865482131103
2.3047535618075963
2.3200650883092715
2.326778150550133
2.324102209701364
2.3470571430083274
2.3100117893087466
2.286334214404892
2.285940549682556
2.3001941382613817
2.3038366508852355
2.308494619853141
2.2833872697796602
2.2854311495297632
2.2877560159575436
2.2659132906213135
2.2660019173523995
2.2928271706709897
2.2475264736318965
2.2083939844819938
2.2170220306854107
2.223294815528662
2.2262137709485104
2.2053858325053843
2.205605591153318
2.2151259097061273
2.233844306717188
2.271895972289581
2.2866087774049735
2.24715297811352
2.2346106103381977
2.2297955998669154
2.2241891074283715
2.243662075852645
2.229676775541756
2.2262185187421926
2.2426783851478733
2.226318968077318
2.1954968110112607
2.2480962699064726
2.231639661251781
2.234460751869634
2.248252616372291
2.2027643102154157
2.1924933874044066
2.1929681780952315
2.216276119313893
2.2216816981908614
2.2372094707429695
2.2685924826567914
2.253428309307097
2.2254094839770096
2.2047546195632775
2.2172979013261886
2.223187567069725
2.2252068724730187
2.2760530460254245
2.303716219061088
2.324227913282284
2.345235906446214
2.374078508297328
2.3422799572254007
2.3378950925479445
2.35180790869223
2.365372948807539
2.3569506048524587
2.3540645699121563
2.3565001842360744
2.358032380123803
2.3606363057656377
2.3329171018770736
2.3146290423109783
2.3166470851896244
2.3547621946985604
2.3620026302176584
2.3732035098053506
2.376617705640924
2.3750186728704645
2.3857254039107847
2.3876439793137805
2.399327523275554
2.38335281548672
2.3561138953094143
2.368038531325798
2.380842814643681
2.3850107945843635
2.3841238446735074
2.407034834173157
2.3596657310311184
2.375556272968995
2.3906420429560096
2.3780808828719913
2.371761834486163
2.41120544752257
2.3960930397940765
2.411954945553488
2.388493076919233
2.3733483212339044
2.3538844923931572
2.378071388702282
2.389140863307037
2.4062677949872984
2.429615442968146
2.420223229260323
2.4013675024281764
2.4130903502507155
2.412588146107368
2.395886004896075
2.3649468992963087
2.364941594964816
2.3292346058131446
2.3013664011147035
2.294811205775876
2.2924961296784394
2.265474230950131
2.2746075006011512
2.3114764218430555
2.315054506947472
2.30728833047946
2.3135449438356654
2.3069551895850897
2.2969484603536756
2.286319196901573
2.2777185865748018
2.28850813749225
2.277091599990236
2.257884230762126
2.2516598518159108
2.2170839893461527
2.197856155871049
2.1717298984727393
2.1849105462541427
2.135831960939738
2.173447719055881
2.203499582194769
2.2031708032337214
2.2144707420045213
2.2246978005644635
2.2031125811819363
2.2301653968273625
2.192985711614458
2.16896069590379
2.133427212822483
2.1389314662073278
2.1299913963186254
2.1386003902528548
2.193856936575579
2.2238294483612098
2.196081698448019
2.2146092086119498
2.2094003768636945
2.2106125941854677
2.202409448327438
2.1730890061679173
2.2109317647542026
2.2284758826672375
2.258075536934112
2.2477959983043836
2.235888443111948
2.2523798669151733
2.247219296623678
2.2612536839630133
2.2795993573332702
2.2779458733385156
2.2805015487051277
2.276356740440162
2.2828681439324123
2.2884481526150395
2.309995009370964
2.3427223167877713
2.328580906418507
2.3413830820111126
2.333222238486762
2.348813606660809
2.3427302242900345
2.3688101437916904
2.350896794657229
2.3492919584724743
2.364460397377972
2.3440804948814287
2.3443964686286574
2.3549351492519257
2.354845750962162
2.3511979191889973
2.354790315123763
2.356326399724129
2.3515169159412044
2.3846689884148606
2.3748912961702735
2.391387248628048
2.4166180779136495
2.3809903125980667
2.3902004309282825
2.4244540848377905
2.404749753627104
2.398686807895697
2.410410767568206
2.426155748385877
2.3953072217874194
2.411180285965111
2.38230691971479
2.3909638946839475
2.3981184259534407
2.3947752008710284
2.4141206730212135
2.3937657747028735
2.394968551105882
2.402112293027326
2.405752743250704
2.3881213307910665
2.3612155612387853
2.3333234725024266
2.3708719143910235
2.4167314580709323
2.3734217661393737
2.3820787253945594
2.3789659057288293
2.361942054929189
2.337897674575576
2.352118341475485
2.3560314549916446
2.351661858580738
2.3752341254921383
2.3544077198973583
2.35158475984214
2.361233292939501
2.33073743322852
2.3529238034704667
2.362814688746625
2.3671768613889723
2.3420718155290174
2.3014363694683135
2.2952696461541198
2.304033010208181
2.3154556136549673
2.299281537926563
2.2713795451542804
2.2362010973617084
2.2107511122533205
2.216866868821092
2.197204966357421
2.1850921472543696
2.156354795767827
2.1182430390252693
2.0858012115859315
2.0983136989247266
2.124700652292552
2.1601303190293732
2.1618086359028865
2.1892102857575626
2.182437331571151
2.2123369119372738
2.236378999763567
2.2562260935975034
2.280561958673196
2.2844694973639084
2.319653062007838
2.314009878996693
2.3244603248398454
2.3494965914930845
2.3025351157920375
2.291870772765656
2.305094621627979
2.291657774989178
2.2911292228134457
2.3288300487799067
2.3039941483252786
2.303944823519031
2.3258754708472966
2.3675175169960396
2.37783350928734
2.381030468541409
2.365387305222088
2.332804241902181
2.352794953766638
2.36778290023821
2.374053378060318
2.3696260894655268
2.3441042268206957
2.361004287735096
2.35080108918535
2.3551612757818345
2.334105337728905
2.3163459855343325
2.3104936235806135
2.276591808484358
2.24100951461026
2.204769624425965
2.1742745783476085
2.180823481511953
2.183314599889349
2.1777343852743503
2.1916933166215755
2.165242555973643
2.185716510333017
2.1800206398649147
2.2030216184579876
2.214321370655633
2.1950364514049077
2.1906432518534187
2.179309727366761
2.1783140010570285
2.15115075611215
2.1222964745329893
2.0963978944611235
2.092883106200108
2.1052132722939887
2.0943287235041983
2.098850047090726
2.1053113238226633
2.089149382279053
2.112901207615164
2.1469805111132882
2.144370110712185
2.1728150223817697
2.200376158241427
2.1734626607275565
2.207265841311571
2.209130610302726
2.161976641793157
2.1614421064891056
2.161039808205543
2.216341868319282
2.2169274143541524
2.198925766220352
2.2007069870504945
2.193318412795546
2.2049560728715205
2.2125820742800344
2.2126072934555054
2.215315729486166
2.2012868128398893
2.2129855007085926
2.235377139460164
2.262402795082564
2.273037890792394
2.2114140739122243
2.208014858503492
2.2577926294010155
2.242331770361715
2.2436567117121786
2.241987975099617
2.2373890804154613
2.2270552432950983
2.2367348618261658
2.24229705899304
2.2752945399823146
2.270207899896653
2.2762064312211736
2.287935863276891
2.2948062583067226
2.2872381013052827
2.3135506594440334
2.319341916836327
2.3115567721934043
2.335222428911934
2.328500418932697
2.3148912072467684
2.306195799436743
2.316542831624625
2.288020318700827
2.298343669859913
2.3250812732623682
2.3606001760184503
2.3498670146798575
2.354015275053672
2.356082388916349
2.3496633083951743
2.3357640110835773
2.343305462263815
2.3470885402827655
2.3286536935144726
2.3384849533991288
2.332080441058305
2.3470471011291085
2.366220869903487
2.351377580185065
2.3605330776061777
2.34958037508951
2.333462062933398
2.310032524560158
2.329971419092005
2.3259616868338098
2.329318143180148
2.321021201941621
2.3263574404235894
2.3240255151644154
2.342935566607772
2.3575694633600435
2.3772566604846865
2.3514459892173676
2.3291911612077474
2.318792026514373
2.3148641470214364
2.307390809513875
2.2821046907182363
2.289317482998301
2.2994498225803217
2.302277775830239
2.3212210674433353
2.3434945215955114
2.3614412445149586
2.308074274547834
2.3346224519616388
2.3125402914191806
2.3315594747925052
2.3521847266702838
2.402072103602791
2.4046546224171643
2.3879760175992044
2.3775497905901597
2.4053310058914725
2.4348046650653745
2.4111025609877625
2.420232275351327
2.4132575501381472
2.415483696757204
2.4264553193163216
2.399768512268055
2.438744405615142
2.4260481912135736
2.4378726563916664
2.43285715600932
2.4027271654669913
2.4092929282195787
2.4525682224663634
2.4535247860551976
2.459135071812184
2.4268477005648568
2.4255636699914946
2.452006736307677
2.463213445370182
2.4658184546980455
2.4804781848367687
2.469658417830903
2.4500638684343468
2.4337796197052635
2.415596924132959
2.4358879451614603
2.436334261056598
2.4357772650476446
2.4460975695130145
2.4453844290022504
2.4505502302615554
2.442646210702173
2.429697838555738
2.4048845970698665
2.4074551355518974
2.380528286057782
2.408280922704673
2.3998777758050216
2.4017693093765944
2.380202784375209
2.3736071180228038
2.3360964485335285
2.3324395886846787
2.3444879014440825
2.3513664044078495
2.3777892386769475
2.3660548530082885
2.3528305094088204
2.3707120542285507
2.3621741747602956
2.3650128064369684
2.3590287864990134
2.3915935907731427
2.3979712792825643
2.4192607839872813
2.3884249717260175
2.373082601914572
2.3746526070698497
2.36152359252685
2.37012156385393
2.3383272536651756
2.326844413428521
2.3093451943053678
2.331952402074809
2.326784519095992
2.325797352538345
2.3444586295012217
2.3430688333090908
2.3546427158481045
2.340561877010988
2.3566004274680967
2.357841864061806
2.366867591863546
2.3688463170975567
2.3912902021089835
2.3848341141805856
2.401959939790222
2.4031412738601934
2.4148962304605446
2.41785359360799
2.432035739449558
2.4142033546081545
2.399985938053241
2.40892747544246
2.394804270318228
2.4239530471361466
2.438059484834229
2.4476112606379115
2.435950430925631
2.4472220999481378
2.4480499070045854
2.4437108370874747
2.394184254042378
2.378925706486911
2.3799808348197047
2.393189347945035
2.3852142230019413
2.4169013159285333
2.436384928988601
2.436030680432688
2.455343007192392
2.4531547715820334
2.446655565893746
2.4707070445795547
2.4967367137909084
2.5350939954003584
2.532626605491096
2.5570154275555925
2.5812155181451133
2.5948505394985424
2.629937243903811
2.6321909584359218
2.6516313130812854
2.6627575529338765
2.671861865634908
2.6631885455629773
2.655665251031925
2.6564800874568295
2.6520876267800473
2.613080185639721
2.6044665180846036
2.578389300898617
2.5736952140045446
2.556529266828173
2.5633405394268194
2.565674136509157
2.5459431736147984
2.5319195959738217
2.5268836552675267
2.4950276279270107
2.464174233607932
2.437001256590578
2.463596365844751
2.4863347488141954
2.447859959275353
2.4595754869599937
2.440444702830648
2.443473529858679
2.443959784206844
2.4680738970851577
2.4610905755324426
2.497588730500579
2.5146499044634902
2.5273079696592258
2.496506781374951
2.4596239351033735
2.47440179548581
2.4944196956268914
2.514217295510918
2.4750509289887557
2.49009237122416
2.519400390288615
2.5050702933137363
2.526793377106856
2.518941129285936
2.500639627065014
2.4813988467104444
2.4566327954107345
2.455532860990553
2.443807695011832
2.4447991107971525
2.4450206823535194
2.469645299971902
2.419199589176063
2.405977732483009
2.3829524192760663
2.3501351001975963
2.337882147414657
2.3330322541959956
2.352785833875568
2.3609564459997454
2.3557798754521104
2.4027465511985926
2.399903759688795
2.4202470739364914
2.4191123298412225
2.393662814217445
2.4283281407078183
2.419148012023059
2.4086209865078327
2.4033786222806706
2.4283008337301024
2.4154360834312465
2.4417841536961733
2.4356448535928714
2.439118572751495
2.479807142455575
2.449076688366476
2.4256568438228148
2.4221172181551722
2.398651284294017
2.3753836100367893
2.372296507288309
2.361440462276823
2.3628083778591655
2.364684218485922
2.337900076804381
2.3809765467371986
2.362323402646024
2.3704952714650527
2.346795104368603
2.3803618912781808
2.375448442180546
2.381099967432605
2.3552542334581643
2.3851961009922786
2.375814112022672
2.384847342988551
2.3719288323682477
2.3790064581608106
2.4146326778843044
2.393466403083626
2.3670590246979297
2.374514830736277
2.356432274447047
2.3747817809443146
2.417171948538838
2.3862668117329724
2.4177388653919287
2.437763318504317
2.447643926276141
2.4437753981481602
2.4403342155211702
2.400106333444243
2.387126946192202
2.3761846685421224
2.4057711912113815
2.4070105594625875
2.443275868949875
2.470379267572066
2.488740443748656
2.4767743022029434
2.486233294984466
2.4895208260215864
2.4699504492890694
2.4847173792004464
2.4721822871002934
2.438481447397131
2.4482209833261765
2.4248998614174724
2.4010157461919177
2.4024706460397187
2.3859225558166424
2.39677783896384
2.381109416334883
2.3600461467689313
2.3718142169164613
2.369458646546935
2.3764524598547077
2.378437216665555
2.365522683477864
2.378073302791033
2.358909724538663
2.348998389685127
2.330688927680861
2.3200944841349824
2.3325412908379968
2.312492234713763
2.2926791243416353
2.287166584870103
2.2670165599810908
2.2755759517008713
2.30740328411854
2.28656030987625
2.299477742364019
2.3009189687629945
2.2949040795062237
2.301644492988965
2.278298224466294
2.3231866987413863
2.3627368246827216
2.360093727958982
2.36205887939442
2.377286382476753
2.378358266177703
2.3639301007428646
2.372229353104661
2.347481290243459
2.374395378134314
2.3193627666207264
2.315554869081919
2.292859294826913
2.2879614787089184
2.2934846378905744
2.245087179733322
2.2502768847088745
2.2299805975980846
2.267412306431331
2.2787518695692843
2.236167487195122
2.2381770172110307
2.239676634936783
2.2605594841544705
2.2362130058904324
2.260475521745186
2.2600152547030716
2.2646632303601044
2.2814723125212812
2.27750098425517
2.2613661271382854
2.2740664908168604
2.2554098355988916
2.20808447015327
2.205614687590435
2.219871323201833
2.2290242245025693
2.214854597444267
2.2068514791503384
2.201829646012967
2.248149102001416
2.2586374881441293
2.2714021549393437
2.286664467994033
2.2925548842756593
2.266630074981867
2.2575180870304234
2.2492372753080927
2.236615712732479
2.208183668147578
2.2368943694513215
2.2880198600684936
2.3107917622509313
2.2917418513370276
2.2749192009759276
2.285825700248464
2.3071821021375998
2.296276374186155
2.309567127540648
2.319902966988121
2.2833291753732317
2.2688755008857373
2.2460614566230954
2.235291904647777
2.2388780772974806
2.235221767474424
2.2367255639296624
2.240539058142433
2.2349591176426844
2.23246702602216
2.218495815183286
2.2436471261146913
2.287071002764397
2.317997888811817
2.308674281688599
2.2904320449119573
2.2717237318429024
2.2704944094860395
2.2894594328382967
2.297461078500462
2.2985813719366126
2.2740636949243025
2.2600081684061615
2.215717743717754
2.2063297394148296
2.215363439923798
2.18405750792881
2.1932214777498045
2.22471939843112
2.2330050857485775
2.1973770725444237
2.1913676047188706
2.1957597473670525
2.164539770966207
2.1727880594719675
2.158508078194445
2.1642208476518547
2.1275381926864076
2.1219348576850434
2.137594011034909
2.131021798825747
2.105942169500952
2.138296738210884
2.1425607017725743
2.1390833529604376
2.160517680675629
2.143833086986891
2.1332113885435025
2.1295675216296774
2.1398348129391866
2.150381503945203
2.1432564648355648
2.143939440467967
2.148810267916492
2.16898447699965
2.210909583357025
2.2467707329468354
2.2753466965292377
2.2637806757929293
2.283428738006465
2.295928932507837
2.3108511236908624
2.3114272465268546
2.3225727158685623
2.29957911184732
2.270494229261591
2.2778771414822283
2.2659413264501835
2.2595628998408435
2.2557043501909675
2.25405229313049
2.2673512185987463
2.2581969793763834
2.2442415714559734
2.227248945639947
2.226956230398322
2.2278829186267037
2.2324393631801516
2.21872639507851
2.2091991793471784
2.1629158914572364
2.1703986924194845
2.171619168277448
2.1731903166398547
2.1943756362718494
2.1857046752060025
2.1938492174247304
2.197196036671679
2.164265262266217
2.1671728248631403
2.1524069630917273
2.1380600153937874
2.0943401396870462
2.099665329258841
2.0891682940627274
2.1063120057687135
2.103852703212638
2.145184313980247
2.1446599950995955
2.1201194635257856
2.1154187729749316
2.129359348955696
2.1087730465505343
2.1115210872870147
2.0876147273366508
2.074785734819054
2.067851492758929
2.092629414368223
2.0765199826048244
2.059579974757408
2.0462662487712264
2.023435470974264
2.0201851066041896
2.0192735371010992
2.073097392582238
2.0365142045006914
2.0301704330995785
2.0288392480626234
2.037143002713884
2.0165633712173907
2.0358822189540398
2.0092202301226605
2.030731176258393
2.057809994066532
2.0663804502046283
2.0467124262577876
2.0795344214302043
2.0625333965576456
2.0509244212168616
2.063604783281594
2.096374400089056
2.097308371363744
2.1447595922905767
2.15425944854316
2.1465671234970944
2.1512034194187732
2.126240292875731
2.144520132102976
2.144328924629336
2.1623313765775154
2.1641354487937434
2.182087160877936
2.1526608540960113
2.1092403656142253
2.134021908206105
2.1164427830091213
2.118100058073961
2.147127351510504
2.157321246893653
2.1434230332554063
2.1783372205325797
2.1588701949993885
2.123737294514796
2.1157047953556427
2.0864574027993035
2.0938243563606753
2.07628644270673
2.055657841231765
2.036185364760001
2.013784410290019
2.015426986058979
2.004401434802047
2.0054151317130073
1.9789116270913891
2.0024778347282406
1.9998047368193665
1.9895830787906912
1.9735588105255475
1.9603693875499053
1.9665111918159766
1.9773951169233008
1.9927998437004844
1.9948922341481872
2.0318345421889226
2.033659910548048
2.0349904377598627
2.0517356638663196
2.0869321912865137
2.0977495760796816
2.102542412468388
2.105926491025607
2.1399417670663485
2.1587913147228424
2.1496535933567045
2.167455580923014
2.140824022239832
2.130037693872847
2.1336377363475663
2.144777629537271
2.1433782166004343
2.1357481882799765
2.135901348737486
2.1316087187635304
2.1515743353068584
2.175970591985941
2.1622191236508024
2.170328864405087
2.1993811738213207
2.2080937077185716
2.2517973968585903
2.2717144615570537
2.2656630783984677
2.234913034504546
2.226982286557834
2.2211376440419444
2.21059598771967
2.204917661578999
2.2018033764159
2.218515255550456
2.2447900068143163
2.2468335106565593
2.2053374468491325
2.200440124760519
2.1922090517985975
2.187291094281292
2.210257184985716
2.2099401445224216
2.1977632417246307
2.1699003190087467
2.1633384345922506
2.1450781217221166
2.1693479602671504
2.194020388214516
2.1882564954359887
2.1753886744587696
2.1869716230221843
2.1755958319856847
2.162975484592871
2.149510734874227
2.177164312077246
2.1453701901227165
2.136913104024878
2.111064627855637
2.126052016160197
2.088530204516352
2.1005553655441607
2.082991373523519
2.0828229880517224
2.0520314463423643
2.0579514143092665
2.0706875169154215
2.0909884724361842
2.0883197105490554
2.0932952578598805
2.0919586494303903
2.084891435681452
2.0894249663478197
2.1099247580291
2.1168165150968954
2.1025168285167157
2.120735883171705
2.1384690680507648
2.1350666969891274
2.1500537561718223
2.1561092481805875
2.129217870396729
2.1098406950321618
2.109965302467298
2.116285103082239
2.076199263541615
2.10762085026467
2.123300158289583
2.1320147489052146
2.1295133000002764
2.1313562956111562
2.140455799052074
2.1712214284340097
2.1570875377896574
2.1482039082729982
2.1338154217455507
2.113324415691751
2.1211014660532443
2.1014961121367333
2.1217334840612936
2.1311057687046584
2.12990755858453
2.141835013686196
2.1553205617282623
2.146547600732979
2.1396012292775057
2.1044948766825886
2.1113506760513774
2.111777209056773
2.1195599710629662
2.1044962040228654
2.0703161278049604
2.084333071972711
2.0639875235166616
2.064109402852675
2.076076661162757
2.0709504734996864
2.071126467376471
2.0649049655092364
2.0371300113794235
2.025287139552673
2.0274954520420625
1.9991111584327033
2.0546685505276603
2.066170786449227
2.059853991962542
2.07815137790007
2.0803503472624154
2.065208775391017
2.072058144295725
2.0554371751376177
2.0388615892341346
2.0512338512989303
2.0446636805651885
2.047450581054038
2.039740389421761
2.0507903036204014
2.0541932156557525
2.063840559957505
2.038620870211684
2.0051836728915804
2.021870101282526
2.0285473587752643
2.0332509116771926
2.0615609939598287
2.0874616250599116
2.096945972886864
2.1032378975003354
2.1226158442949448
2.1402616896172315
2.1551525409300942
2.1629984740929364
2.188326557878744
2.1984274924841283
2.207527437697061
2.2249148565309307
2.214194843520788
2.217988743540705
2.2483007328543434
2.242163722042268
2.2417706256377863
2.2207676535439806
2.209723111828537
2.2201045654509577
2.2305738142883804
2.2155591924298847
2.2194168471271665
2.248417254127503
2.253879900666899
2.259642078098219
2.2805296756397495
2.317261198506171
2.295607171745446
2.278520920602074
2.2761368795225265
2.286780131121564
2.256459591637116
2.2462443782538313
2.2527526164353016
2.2534548146751177
2.2457582995292036
2.243914911472468
2.269841854569876
2.2684096871664714
2.2488153253240526
2.249859636816492
2.264780562711869
2.242666490692147
2.2621940385822867
2.2563790801327204
2.2675146441135117
2.245423295434981
2.2270076194948434
2.2387460125301
2.2438395395645574
2.2324657803751298
2.2541110029523597
2.261405669256705
2.264412763441108
2.2443492380217323
2.2463499634647466
2.2651946485064935
2.261963748576102
2.2532526166445934
2.260538912314887
2.2715726603286472
2.2829439594820182
2.271508485158718
2.2749060842645763
2.259857166016247
2.2467264648748166
2.2564826627862997
2.2700042590516736
2.2531533484305744
2.2425207667624054
2.2650822727765614
2.2721857508703236
2.29313209283348
2.293979055706997
2.275638402795336
2.270256566227554
2.2602483517506986
2.226921812179048
2.280336727703525
2.3031608048772747
2.3070182452668573
2.2953635192596575
2.2906822350660496
2.2930378495516037
2.2787312600818304
2.2831793680319206
2.2667056685810425
2.258798361433624
2.2590866846676807
2.2548636689225883
2.218934361937077
2.2357968652046085
2.2430110449669867
2.2985273600741176
2.2841303906177295
2.269983745435467
2.285332784578402
2.3000075484241664
2.2750071955680706
2.2734420830190682
2.2887939424150963
2.2712990125766557
2.2686296775182364
2.250799602709668
2.2453011776067062
2.2767600913644124
2.2833361987285103
2.2775408384420475
2.2506960471892397
2.223445718530049
2.2344521622092888
2.218922768851818
2.2330658251784383
2.216210698564295
2.209223041832715
2.1825023725611725
2.217931381185407
2.2286919896583672
2.2510221357288374
2.2180663261096982
2.223495616390699
2.2160779838235007
2.211771443207433
2.240860021241301
2.2625950923915648
2.2540553662872913
2.26274051535229
2.2618494168494054
2.264473170794209
2.2502305732815193
2.2489774317776066
2.2603609441234913
2.262784556839894
2.2569160346305743
2.2935752567799743
2.2877396245980695
2.3203068991208635
2.3454912895445172
2.332235822694494
2.3221908628639065
2.3243677585932123
2.3352411297111484
2.3028100407087577
2.348465365046656
2.320822648073988
2.3172798874291587
2.31254411844953
2.3028373072852797
2.337648342183085
2.3271715851343937
2.334750060716014
2.3406865877576
2.3152404855056847
2.2846383802207937
2.279383315530051
2.2786615532484817
2.252729726543252
2.2457083332346954
2.216594673229678
2.2706184756294445
2.258362769323063
2.2422095190578903
2.209669567085489
2.1953273048119475
2.18974704254258
2.188515090796128
2.1698019964833057
2.131296331184617
2.134515152741016
2.1766972033672647
2.1850353685337853
2.1680550765529385
2.2141940738213646
2.241988116070439
2.2259342273481635
2.214794030824125
2.1905129292784293
2.2015113655697687
2.2103801384862574
2.2432111589307198
2.227403319694786
2.2376010151893766
2.237446653051419
2.1905397174797345
2.2213825953963853
2.190151801080341
2.189229023762626
2.1658295576145052
2.1830906218435877
2.164509695441396
2.1814062962824896
2.188125594929979
2.188490222033006
2.2356390219880202
2.2621761496282393
2.255743783958326
2.280038776661024
2.260998718766991
2.2654057434017028
2.27657029770421
2.2709129591230517
2.286179693170304
2.3054479844335254
2.3182467790803933
2.328072668715472
2.327007510120038
2.340426410104992
2.355331077005632
2.340035182846899
2.330070029171844
2.3255711613498042
2.3070811643476503
2.3311645346880656
2.2810798493940188
2.2661716195077117
2.277333812101077
2.2759361650686425
2.269516662777829
2.2735098431917957
2.246377415262028
2.2439614899738762
2.244870166122861
2.289099430108267
2.2975355612556716
2.2916029169435794
2.275163453025376
2.246783369050975
2.220138122398195
2.2235358523789888
2.2470729102488542
2.234512038690294
2.2351206103015993
2.2596283150366396
2.285125507302107
2.28839398856979
2.307034349408168
2.3368090923897364
2.341417919840483
2.3607116622099706
2.362875341187065
2.4221312054734936
2.4412004124346103
2.4165445630713025
2.366922385812897
2.370996241231906
2.364724845274732
2.3603858538067137
2.3768447783438034
2.40646323340584
2.380797378000458
2.3991324284576963
2.376524599397957
2.3857365851153096
2.3712419811234935
2.3448185059241093
2.360739951744165
2.3805188241566198
2.350262272303189
2.3379629204742898
2.3193303728763697
2.2959037950333037
2.281448146103495
2.294552535715241
2.3026146734082578
2.3227344986908753
2.3515897483061807
2.3691005615166056
2.3632595189662817
2.3654082292140446
2.3444112478971597
2.319133757587851
2.318896831904873
2.343273668994549
2.35731365851956
2.375518755107933
2.3256385788341487
2.3510900213443127
2.3430254458116484
2.3323030813283463
2.322143906997303
2.3311461065744954
2.3192550962506218
2.3273434071465444
2.3381454820528114
2.3476961210116123
2.3665407465200516
2.3860332245506646
2.4216897823597026
2.4147518307228384
2.3577606403202314
2.4031731543690196
2.4515272119787532
2.462068448115555
2.4478417779794217
2.4819956749876293
2.4675173781219986
2.4452635397229296
2.450459937611987
2.4523973246644952
2.4560882305438847
2.4297885928361342
2.43790176803569
2.431551150307266
2.4368457357603823
2.4559831787409068
2.4667059701022955
2.446875014621003
2.4419246158511045
2.475899364321455
2.471551767503077
2.473557595284881
2.476677730201447
2.479816886048147
2.460922799715605
2.456450950327747
2.4677620614635862
2.4592630144492755
2.4590886461443464
2.4564761200003415
2.438333434974036
2.437086526181632
2.4423897765142386
2.4310688773840616
2.4384065403700865
2.447348282839529
2.4440353194406823
2.442934727900468
2.44618680429842
2.425087221202745
2.45092914438224
2.4603864893281995
2.4509927457478065
2.4708632349120148
2.4580452506730013
2.4884719503342363
2.492204931653374
2.497491135888511
2.4849934914085288
2.482228855604189
2.471239958442243
2.4624257624695836
2.4363175520562845
2.4489753269064516
2.4383445816920775
2.4374063621036623
2.4538415642510896
2.443813862661593
2.422727258407025
2.4367764725245817
2.4091337982921632
2.3764582720566803
2.4210552163222823
2.4553320796219102
2.453941457967912
2.47221012051374
2.494578883362835
2.489584379873356
2.4511834354881734
2.431273914094796
2.423880265248294
2.3837877230871447
2.3936866112182527
2.432684507139465
2.4175345274844666
2.4290563038650026
2.407215645370501
2.430555742340264
2.411788421763301
2.415482949701148
2.4654078055995465
2.450631462259647
2.4353481671569885
2.4354390573077147
2.4186268275098683
2.4182503156411697
2.4135922612999754
2.4246993097765333
2.4333986678041617
2.416593949398325
2.3993540747037407
2.372984657698767
2.3717825764137856
2.385842510784212
2.3853838858670273
2.3696401173433177
2.347067275337333
2.3514032766003723
2.409520483667216
2.376728965190596
2.37628066018455
2.405776233956131
2.395343504980948
2.351328366852923
2.3611383017609104
2.3728993511176064
2.385095883012175
2.3631239793341847
2.374220208008408
2.3684667522787857
2.3634738902101904
2.366326766245031
2.3385876785504953
2.37039000757353
2.399325655719943
2.412415018995661
2.419101269232238
2.4483310420184194
2.4646457103003785
2.4502647631186396
2.43979958042352
2.455252147347201
2.45996332522932
2.45401845465038
2.4575999493787384
2.4479990032161245
2.433925983972781
2.4090309488833093
2.4182198683635585
2.4293764609472723
2.446139211305725
2.45939365293244
2.4565234024515514
2.4528695146483597
2.476438424523306
2.4477085579636935
2.465852608046109
2.4727016144493117
2.47695300542301
2.4471639579397646
2.459769859825376
2.451441814187255
2.433335617417192
2.4212422738955532
2.3835658558040085
2.3826853168244555
2.3868763327117635
2.3703437321563623
2.3897638689836356
2.3929810467188095
2.3667946550357577
2.377848284921612
2.3869483021661706
2.4137700624971523
2.424641136579237
2.4204396102710857
2.4283899273567977
2.4392831640220782
2.4321341450601146
2.4388296207126676
2.4609288512211354
2.4681986545164363
2.4688190302972672
2.461640362696102
2.449286298897892
2.4378655665660083
2.4479021601081334
2.4615875944200183
2.4706538298288145
2.482245537990481
2.4819544403876885
2.4737322297643685
2.4561315293341743
2.4826831389378485
2.5067759776452734
2.5209198104197914
2.4865036927238995
2.482256763754095
2.4829748453172273
2.4745929153700104
2.4650433365344235
2.450943854778091
2.4852709130359436
2.4732810677996273
2.4457109987899
2.4323782102726366
2.4193085790674402
2.3993465998153525
2.407378742050349
2.405640409686081
2.419950885382074
2.3811693620211525
2.4022797389754023
2.419700932270256
2.4176838374841556
2.445407858002638
2.4548700661824627
2.4601151633181813
2.4865618207475095
2.4636605983893882
2.4651387642369147
2.479489230552274
2.4967036308880144
2.478601910022367
2.47225120138531
2.4680601768945225
2.428408357118517
2.4530015611656637
2.4419198446563404
2.4189681198956685
2.443427499093223
2.4707875963352244
2.467442973116879
2.4443397370080326
2.4281370457225213
2.494012966943262
2.5002099990273194
2.5078596251694005
2.5074770511204565
2.4899927397721457
2.4884982405081573
2.4795699327227476
2.484907616587366
2.4841188137158965
2.482599917229051
2.4844188896409545
2.5079624446215196
2.5072279186273487
2.5031283674329337
2.5038649406365603
2.511414171480276
2.5349493966481003
2.5473244120285714
2.519852694150465
2.5148946347615078
2.5009550885074137
2.5122421261888213
2.5119131935893875
2.4814410336343125
2.4893540725718264
2.471490727314759
2.4793078748682835
2.4360854478559637
2.4363189684173943
2.443856792748135
2.4678950686499843
2.452811557012245
2.4519785280940507
2.4700625811923875
2.4691437088424726
2.4534527860399526
2.4538668941569854
2.4596505479066817
2.45942589202944
2.4886826153110073
2.479132793185495
2.4591158563390185
2.4626008707315292
2.4662508913374914
2.4681710324925357
2.5114449897192417
2.458500761708796
2.4115260141526718
2.395123754931395
2.3911035419104856
2.3798025973043284
2.3731243936112287
2.4019017367357796
2.3943386233581054
2.386337502522632
2.4128443664468406
2.422251615251517
2.417917340113764
2.4393468930351223
2.448112500141851
2.46555520633478
2.4610137197188773
2.496674718896932
2.508554745788573
2.5032675704274476
2.4966920967108157
2.480784310855806
2.4946579083471643
2.4850676246839996
2.471199819576496
2.4638719899644723
2.4653303868037426
2.458764125270727
2.442488210403506
2.476641688900399
2.4787458419067323
2.469219225904888
2.481186302254623
2.461975089442949
2.4663501648275528
2.468676492653921
2.4622920336426666
2.480059953656046
2.514005492234267
2.531757932348507
2.55371761893854
2.5943867806675645
2.627033539062686
2.612792220739273
2.6308134710159004
2.6544313142425446
2.6372910015051527
2.620596323463229
2.6056881075362783
2.58202334710246
2.570828849703295
2.5636992314815887
2.5520205884172404
2.571511345144494
2.5587344006140156
2.5402547118239647
2.5360915839041254
2.5362163178090125
2.5526812993984906
2.560693008528786
2.559328852158796
2.518652076055985
2.4854829080669534
2.4924254441017637
2.51883976615067
2.5142345273765976
2.5088588370490346
2.4921706081822363
2.5121730939604894
2.4829463429160876
2.477390716633057
2.501842749577549
2.5025685719435726
2.5046497856791237
2.5287771915271935
2.506407368320314
2.5574128596809578
2.5597186254763615
2.5552481869116224
2.539624020657364
2.5333644697439266
2.5186673137258726
2.51276627677289
2.505408790043882
2.4774370892783786
2.4672219951182237
2.462698766137537
2.4825041346354584
2.4691376436036316
2.4861114081263995
2.4809663311406984
2.497872805714807
2.516642173365916
2.5278669245773226
2.549020219529625
2.5511858485742773
2.5795927442051347
2.6212845933040105
2.5970847398981367
2.616482059646888
2.6450696857602676
2.6223343496893676
2.5959521710207976
2.6041803330736233
2.629727731817947
2.6038930918627936
2.599739832519045
2.5876662020768113
2.57274524312693
2.574570515814245
2.5593017212970075
2.5532112808163165
2.532507054681636
2.5362684559109243
2.5348257769278084
2.544099266243607
2.5270436609521845
2.553844569560101
2.564897151462404
2.5795679557949187
2.595431119028482
2.593276910993462
2.575045938175692
2.5812771609485754
2.5475288896708284
2.5609041562775143
2.5023938350603134
2.527582680523065
2.5353695057974863
2.548313987663496
2.5525203788810837
2.540073644307257
2.544123096466336
2.5416292870953567
2.5728626359858437
2.5495095029769845
2.5281265293446604
2.5479844232792215
2.551091279653002
2.5635145893578923
2.5406995154361085
2.516122421879793
2.5051406307483184
2.501060119697482
2.4803686277268744
2.4413814165126446
2.4368312044722606
2.419289181279372
2.425562333534549
2.4118446833307754
2.3831415793782593
2.368187084706268
2.406168168441203
2.4042579999837606
2.414719907662646
2.432835062753641
2.427836735752668
2.425116459124377
2.4211840571496546
2.4133006880248153
2.416447580384084
2.423717649814964
2.4265887002723523
2.435217907795762
2.405000609827215
2.403784398076157
2.392412604169265
2.3676157887599443
2.381424994072636
2.385338140175896
2.3808028651584254
2.3926182553355084
2.3952102368448696
2.4241992616162102
2.3888843075605615
2.3737391639176493
2.391230432035389
2.392500454707362
2.4270816936139528
2.4313808807844453
2.404571865016796
2.417242308033555
2.4440952760699965
2.430887801875637
2.432261807840297
2.409508623784382
2.4186872251388674
2.3840935794999116
2.3825554404025326
2.3917739747227698
2.3780408482819935
2.3849447865689317
2.3571679352021295
2.3366686099142875
2.3306500130523276
2.331414474284177
2.308329419458502
2.2961566008776813
2.306829833535745
2.2996353501753273
2.306012084895805
2.327963364571082
2.2891549460591616
2.30732940225141
2.316382088100894
2.3311603811409953
2.3321300675782917
2.320566977772112
2.3119283549678737
2.333368455650249
2.326439322642466
2.3122843060558114
2.3154224321727566
2.3110421647931703
2.291078187415712
2.3094960838358904
2.3295736037870007
2.345512395277819
2.3489515402852743
2.3310459347316073
2.352288026932624
2.300949164424341
2.3184195004691075
2.3541976405110243
2.354839614311989
2.333801268343044
2.3275491502516563
2.3254538330672725
2.3334215995596055
2.3328851748720476
2.311650441843735
2.300811055950602
2.3284967311508873
2.2979907499085788
2.2736602934106793
2.2409780037552247
2.2535284906968163
2.229470736922932
2.228904372082316
2.204140707817022
2.1669529275543926
2.180137408815779
2.220911604256649
2.2070784406175488
2.2324114442644096
2.2206386096321022
2.226174128877792
2.2330750043996397
2.2690404147942838
2.283618065427226
2.2692169861635554
2.292140882359851
2.276842653794218
2.2808335522895913
2.2806292816577263
2.33063040623172
2.3592655661873954
2.3643631801076643
2.3617158446950546
2.330266751804254
2.3382049366103823
2.311091629886638
2.300034562088035
2.2986199219999968
2.299234367739671
2.2713013628044534
2.275907326575521
2.2706423572973913
2.253139047248682
2.2660098249757343
2.2593781769399555
2.253526912503837
2.2386178717912184
2.229333574219544
2.2026021314338617
2.2074449896605692
2.2220114237278565
2.2118163951037633
2.22163524666897
2.225075961928487
2.1997221430837968
2.205867692402712
2.1861200022028147
2.1807186850749285
2.1855304198935417
2.1582623641447722
2.1765594998895392
2.160329785281509
2.1495609663596498
2.169732701868896
2.1665736778856117
2.1545461329789375
2.1585472603135827
2.154270185260232
2.122378319787732
2.153521564615927
2.147821685928727
2.13651747727124
2.1298580850340376
2.133723416052494
2.1462209456467325
2.129660637340036
2.1228883830756686
2.1259289307802214
2.102235815094898
2.1022183543707227
2.1208576497706835
2.1116973326273634
2.064404946669712
2.0681893282413046
2.0595078773660243
2.0618675251131564
2.037379010692781
2.0382235756580713
2.013328369486675
2.013361551151989
2.0017067798475447
1.9928898544500935
2.0123380039762138
2.0484975092278805
2.07098261580159
2.063074240016899
2.05531949426842
2.1061966616334957
2.116534864091189
2.154129238310434
2.125562756879451
2.1146257999294593
2.121003871392284
2.1217296550657636
2.1185207257088896
2.127110094944754
2.120786773393953
2.135487010974754
2.1169046637497333
2.1325344645372866
2.14440593779207
2.1250565281942877
2.139167681070667
2.147754260161334
2.1579965117220987
2.150612514864219
2.1404052676740597
2.1408856106868073
2.1738797263859886
2.1409359818805633
2.154859128254204
2.1343917481053265
2.1375212166074373
2.1300618812714913
2.147074136670326
2.127539816478248
2.153335279322528
2.16868103518019
2.1601915243699334
2.1772008689678346
2.1948333478935025
2.1737291022260896
2.1675468450283764
2.174406464002534
2.1663349216906633
2.1530025389094143
2.113667859204675
2.1262332108546333
2.1410343368933584
2.1260788825523194
2.136342282371238
2.126508043424623
2.1406344531838806
2.153401881558694
2.1606860250158904
2.1529336825441434
2.1792519581242855
2.201222970687872
2.2205526742167327
2.241436772419564
2.2401377344320115
2.2302350274244676
2.1888213993387127
2.180083403916153
2.2144997783667186
2.2183674456590894
2.227230898785057
2.230065926014522
2.2469175867281703
2.2193836839913237
2.2431637275146232
2.2282037958324428
2.232637265785657
2.2610014321232916
2.269668709713802
2.244193232519831
2.233001443029201
2.253139423209144
2.263315230547462
2.2742246150826944
2.2653261220225316
2.2530897567306316
2.244860373458161
2.2498489672022752
2.23856965705752
2.2508404658936745
2.2708035804261293
2.2747901565824926
2.2476991135639777
2.2282865899298154
2.206578090863358
2.1992262502970017
2.1747169450480657
2.1396302168192465
2.1525127636671564
2.1632006452285184
2.174007877746723
2.1552619242264903
2.1755706615030928
2.175877525466679
2.202587389951361
2.2042215774138803
2.2052241112810025
2.1708629846976883
2.182235603375622
2.19833503020589
2.2279327113634193
2.2095127780791617
2.2355113986116866
2.205716699072823
2.204050724160357
2.219683073769935
2.203933875200902
2.208600965841841
2.211613176039152
2.2006128463934993
2.1557392799069564
2.1839418707190963
2.2055854259139624
2.206987771959229
2.222430907463994
2.2469472983599004
2.282115189054189
2.2873810664724856
2.2758545768039165
2.2538122321401675
2.274958311157395
2.271800712533081
2.253935808230337
2.238924062347382
2.239150568754537
2.2589475840381255
2.2935452108251506
2.307432437788599
2.308053774640448
2.297245990488046
2.2835343607775163
2.2783765341689635
2.2637678299723136
2.29368619015906
2.3048765864501224
2.2981787131857545
2.294353643110477
2.285468719704772
2.2864991591319406
2.2989497009161357
2.3065096602321735
2.303996034611601
2.301784299368102
2.2849790576117535
2.3057620342408334
2.29483212705083
2.276976848771808
2.2800791115325127
2.2836950688655393
2.2785220958694126
2.294523312858135
2.2870650642463324
2.3130156200153804
2.291955765440955
2.2648907538150738
2.277291259646257
2.260302362755312
2.229757521756085
2.2416842132035066
2.227615083216028
2.252438171832535
2.2366037356267174
2.2231779511714023
2.220759940974024
2.1875950997862867
2.175628008255937
2.19733205670547
2.2111472804010006
2.2131613294273387
2.2077891107991983
2.2194051621973103
2.246650199074285
2.2354874231230486
2.266976056460199
2.2786824387768863
2.2504979006413914
2.2463944797181434
2.2503783554492474
2.245986047081021
2.2450216496623003
2.254211029149078
2.304481519695248
2.2730557208520596
2.241992652064079
2.2345198195711258
2.234123567030195
2.2188214075067365
2.2216347651539805
2.2136511558958714
2.2196533749409637
2.207267480761667
2.2330488760472273
2.2467554644712613
2.2763796112270893
2.2709310766545476
2.2603049901887777
2.2451826407019535
2.2296396961926015
2.1959619221869255
2.194646605408265
2.2187038026531978
2.244380806551222
2.2788881249079767
2.333695828741052
2.2942863404831835
2.2970383566980357
2.2808185579479754
2.2702510585642575
2.2965021802419936
2.32667897419979
2.3500631298987815
2.3763174142639625
2.331294294881704
2.3255522570677574
2.3111833192012092
2.302962479801567
2.3200314368579082
2.314388343438553
2.33253194764645
2.338854140862634
2.293756327711269
2.2896086216655838
2.3088713040567344
2.2928065157286053
2.3104245799802507
2.3528130151119644
2.3555797000704444
2.3874423125818605
2.409609080055034
2.4165154357173058
2.405496449864132
2.373383078233047
2.3995418911580484
2.4179403547264875
2.4329645147451577
2.442992646696551
2.444123070827358
2.414858643618754
2.424167016409723
2.439999318699434
2.4175392275946996
2.4336919163825788
2.4414367573044786
2.446747376125604
2.453144902511019
2.4546222242925655
2.4742714396117496
2.467404768843509
2.44786613962
2.488017111587215
2.4400309792600163
2.446000305692056
2.4545376702142456
2.450266362896515
2.4606031655986027
2.4736589021099684
2.4666097583210997
2.430157039307026
2.424787508428045
2.423566160736536
2.4383705538160187
2.444100109048766
2.432058619832853
2.457383858762451
2.45115655429148
2.4650484044909384
2.448037443093165
2.4505924074709884
2.4647846628741994
2.451180979886932
2.4558351504901106
2.4253641243575146
2.4661447802550414
2.487780697586842
2.484060350698481
2.5178580194370532
2.4660262136446334
2.4691304932864666
2.4443602177239705
2.401886699583323
2.398836584077121
2.393659273084442
2.386983410772852
2.3727814000665535
2.3833164689888657
2.40730460047561
2.3989659476479517
2.422519920464563
2.421407533576219
2.450903911133636
2.4398337967155665
2.440344718599307
2.4494476688936513
2.4410265251385432
2.4239030409247144
2.4123343140410936
2.421935369439409
2.439554854143019
2.423854228375276
2.4271327588099205
2.3847260058781172
2.391253732451314
2.391990250510448
2.351948423780913
2.350719560378239
2.3629095509721036
2.339383308240998
2.324352389593621
2.3398583701280025
2.3312102064519316
2.3647037048331754
2.3794845013423287
2.3714722179876984
2.3527208523418683
2.363035967243735
2.365412864075036
2.3685532504194633
2.3748619863878324
2.391660173728403
2.4098644000915868
2.4047401689400725
2.4080092269952615
2.3929613788746855
2.374124572917113
2.360606547182759
2.3485831605783414
2.3255926256022192
2.3243033698778324
2.342897969765982
2.339705130177704
2.3335016682385126
2.3441266380001546
2.3861403049485914
2.398481532875153
2.3886437305959416
2.4234059316948793
2.4182878739170013
2.4170344480615102
2.4098473703947287
2.4008234630521836
2.366355194228345
2.336513982005194
2.351604059392724
2.3522746423320355
2.361372664185901
2.3615845956555197
2.3557340685184305
2.3314132693625607
2.331439532229258
2.3014725542195302
2.310517644802601
2.293920912687015
2.28859146849765
2.295481184297938
2.2825116451629226
2.293669949398496
2.307499109624283
2.2994144965645487
2.2839459480224624
2.316499222044989
2.306293944781979
2.292731741250341
2.2792316389175085
2.2851893137595285
2.274130536628037
2.29349363459189
2.3057386471609744
2.289308311435388
2.2974847892158117
2.283288951364813
2.269418681007341
2.241221032023221
2.244028514616556
2.2258323781447418
2.2147774948957415
2.195097670405047
2.201039977453279
2.222197756571659
2.2241319680482556
2.2568307293403644
2.2872793778291696
2.2558717896568603
2.25534004665365
2.247369017317643
2.237009730408434
2.2403896343621534
2.2540931102711976
2.2579689079382748
2.2318245029430224
2.2690264725950926
2.2768803343440145
2.287600686871643
2.301439438224438
2.322385000685107
2.315981985179946
2.30881727918299
2.306475810364857
2.2849663975459547
2.2955905989662013
2.28030935647942
2.290429856742453
2.258429662951868
2.2472591374307815
2.2792690659649333
2.2779485721223205
2.3122598118749242
2.3004089329974184
2.3207585656218037
2.3438795456843327
2.3440968191086444
2.3843940180751506
2.3606006939284363
2.3509799307981676
2.363597200240538
2.374521328092606
2.336995240199361
2.337264467767574
2.367280865666626
2.349611998884228
2.327668154553622
2.308084811865623
2.336597408035711
2.359093601393095
2.371378586818195
2.3764268227632557
2.376706729369885
2.368680415772212
2.3580001006881566
2.350184825388538
2.291662009189434
2.2883706782544526
2.3147849272975463
2.314647481083891
2.3506175300092416
2.3864339864127104
2.3757480280001824
2.3733547749135484
2.3841422809077497
2.3628436899379075
2.35897997714687
2.356498897686122
2.3520250976907087
2.3544534185968296
2.3200611912209617
2.3179459871959334
2.344636419166129
2.3437160843754685
2.3333966683053617
2.3484178343511237
2.3515969407207042
2.378609329604984
2.36720669661764
2.4082238320963043
2.3875052300326915
2.36107495252462
2.352998990611174
2.30695283726752
2.3202080732885886
2.3268868537817524
2.3508324228272346
2.3673838603427275
2.4202874730079365
2.416780515374881
2.4310238486278637
2.4229379021341897
2.4170175158624296
2.4393682429532277
2.484500446845278
2.497698099396731
2.4969159823136966
2.502384897757341
2.5060834326739516
2.5139841799618834
2.528427853065605
2.5326042726092015
2.5628451283867073
2.578682990317031
2.5904358925957887
2.5720550084561062
2.5521767932197044
2.5489634229895715
2.547295245557924
2.5589675404768277
2.565046228907129
2.6005147650482052
2.604237995031011
2.587800115853166
2.6077434442241585
2.5866248402769925
2.59030008140819
2.61520332268961
2.615559050085049
2.6057152014938207
2.5535704340808474
2.5640980938369675
2.5650779359117157
2.5598303524774924
2.5347089628193347
2.537143399010174
2.54724316952217
2.524550920085573
2.5532330613095144
2.5460047894809446
2.5554181422488664
2.5372412632646535
2.526078837613353
2.531001742311349
2.5223683349037778
2.5265288643037196
2.520087559290759
2.486418919910843
2.4808463698932095
2.4611944209971446
2.4466535225607644
2.442510856652034
2.4210704676692756
2.431839568100241
2.4212736505697245
2.4615021203312395
2.4488553978342384
2.452865356471385
2.434252682037746
2.4442628090720557
2.3895480467497037
2.3682128951140378
2.3741525449436045
2.422558651468253
2.4536774476242345
2.448890324226702
2.4477082955449694
2.4355181073277463
2.4066877512206855
2.415519793750098
2.412173478068388
2.3907900428642677
2.3742706767293718
2.357848734471413
2.354190349727026
2.3610967719146476
2.361468435442739
2.354660603858045
2.3374394505068747
2.3292461637490565
2.342950151664531
2.3496973742422895
2.380525810043663
2.380023721935974
2.3874675021214924
2.376022424934626
2.3893310309808173
2.3790135911685306
2.3962554491923145
2.36124531386772
2.366548972499317
2.3870875238967586
2.4041861198796033
2.399379952336071
2.413527526729815
2.4118481402747842
2.4160650339555065
2.3723748010350922
2.3647539854108492
2.3285485770273855
2.3460365786004362
2.3461580674740086
2.3468350296893536
2.3417713224862737
2.3257993144522735
2.3452885041888787
2.3608854909862598
2.32416843671968
2.3099952408404905
2.3085131814212736
2.298944523988714
2.3199992786674457
2.335249221017988
2.306187886026214
2.315463178575834
2.330783197000799
2.300329345897527
2.34359541191837
2.371581307512789
2.3715501062726116
2.371862555601174
2.3617440732580106
2.3485019813000223
2.3322357681463335
2.3218020670419888
2.3001305625948696
2.3331683521550626
2.326425044418858
2.3052894257694168
2.316356877232201
2.342892525427677
2.3605454308287754
2.3575938196325863
2.3718613576627803
2.3514112107120853
2.3377009578806827
2.3365676108195053
2.3439132356184564
2.3243726878242064
2.3551006726943187
2.3612818486218763
2.3291908550302525
2.315456980123791
2.3496322629486825
2.337675552978547
2.336889448748666
2.3356181159107985
2.3646945651604754
2.347690405353674
2.34374179179094
2.370051240817038
2.365929794264196
2.3651337386351825
2.373685851586266
2.359296878003476
2.384330419780299
2.373721044619422
2.3714654095349927
2.365557236981194
2.365281640189172
2.338222722050516
2.334652148644024
2.305089996949639
2.3125400706500345
2.29795238257747
2.2814470229749877
2.315217173071124
2.2970851139555353
2.299391192804803
2.2809699173280085
2.2654513255522746
2.240022479291097
2.241343502462678
2.2213864698689325
2.2196863866585987
2.241763351319056
2.2601284838869784
2.2506723774038653
2.2520956988515373
2.2823912886507927
2.241212285288872
2.238997260904376
2.2611741052101966
2.295550568411684
2.3025508739547567
2.2897244877678657
2.310223529425483
2.298453442916814
2.273942144145271
2.266909962831072
2.2688826252848706
2.250008795507889
2.247210948272297
2.2300596154207106
2.2665402915307276
2.2741081528576874
2.2619544451100184
2.2427685090584752
2.24432936369176
2.2647838433590364
2.2539544618397658
2.2661745207489323
2.2910910815660253
2.2794686812177236
2.2639491041358495
2.2612658972274016
2.267356085381141
2.2977754601387903
2.3104960449565
2.2853815864070244
2.2696634743271713
2.2748843354561084
2.278757828200677
2.268250926313456
2.288310802955818
2.298352907003301
2.263331834466888
2.2955710563823972
2.2851172133884683
2.3048869339733375
2.3057322855136158
2.3250855011174667
2.307536545631727
2.3016263609599332
2.292290917154404
2.29200232167037
2.298364106371482
2.2503054695289473
2.2374372174954793
2.1993147739336734
2.2070179036953537
2.212246903835745
2.226442601014529
2.2288273500372293
2.2613095748609564
2.2614793419622115
2.251457578715942
2.2421715980190124
2.2565664455809875
2.262279686431672
2.235332173633145
2.270953460024818
2.2830179408221856
2.273103692295015
2.2749792366353976
2.2463303146990126
2.2806836726540713
2.2863381682314095
2.3226621762409847
2.317162368775815
2.3190575469620063
2.2861382298561708
2.3179870120275003
2.336507272689024
2.3334282587256805
2.3745327314142934
2.4034066639105385
2.439772948046321
2.429875467886843
2.4029533659087385
2.3600658536575767
2.3330959015725443
2.3206725176554817
2.3445153464202537
2.3128087304296887
2.3338452995005086
2.285774223465137
2.289725223617252
2.267102155329929
2.265550287123674
2.2928501245503523
2.307650364939703
2.305289624543501
2.338179011250688
2.3091901656178475
2.3391219574702347
2.3507263292558496
2.382520203608294
2.4013932786250543
2.3874175951622294
2.40152898777574
2.4270730237599354
2.412479732603941
2.413310020001167
2.4032930577235887
2.3749235585824873
2.3345688511898275
2.3421505000791143
2.3598542608875777
2.354144425603247
2.352436588466931
2.3671064679886107
2.3690136486587456
2.3776617112342335
2.3702312877949065
2.3942092587029435
2.389250296958318
2.3924496422270933
2.3810148625099004
2.4024406682541626
2.405059533025198
2.4001831624629473
2.3943816045030544
2.387956911493305
2.395699965428244
2.393329718834727
2.36953118731522
2.3701354554525844
2.3416306025237907
2.318205383938111
2.339658135515872
2.3199066209603916
2.328422791428721
2.342474896234789
2.331917755947771
2.326955955265733
2.339210989620224
2.3768476082304755
2.3723028430224526
2.3847643691043467
2.3827530344167536
2.3461387835413485
2.3523080140457187
2.3520704502158
2.3904332739631746
2.3961341736728694
2.3875958880264907
2.392321057439688
2.3820033927730773
2.380278973860925
2.4009210750136183
2.3976622418654436
2.4141960361539807
2.4146076281999362
2.399485927695736
2.3941002293383113
2.3634788138516707
2.336004186160062
2.3590780105862548
2.3602542690235726
2.402874094556505
2.396468469325516
2.4350617086880986
2.429656338918616
2.4039568530409405
2.3920289585872787
2.4501701272498075
2.4366850558154622
2.417579106163132
2.4036301481269913
2.393671048829817
2.4140510202718715
2.4405794589482386
2.4525864396253683
2.437383534095543
2.441367769866564
2.4154478664144037
2.399391876419092
2.3980684875226355
2.3961663460609195
2.3803457836755753
2.398118335814896
2.4183636671224833
2.4157610217019387
2.404504124672796
2.4052353295511546
2.4105927515066803
2.3824513502127833
2.3848362794750333
2.3899426872342477
2.38935581007422
2.406455387603449
2.418641858335326
2.4410281400003675
2.4617289021489377
2.4829145063271265
2.4916717971871543
2.4477917927540678
2.456645087282188
2.455098525853505
2.4654260985287033
2.4770495553776346
2.472410846046369
2.484400191934096
2.49631654302514
2.497932834429715
2.4765912675520307
2.457484620202027
2.423176295441484
2.412268300329409
2.394659225005596
2.4086587425264234
2.445077888446133
2.497662446716937
2.467632623687592
2.492342191267632
2.4708906262081536
2.4749289341733385
2.470433172909274
2.5324511268070182
2.5556902454040187
2.5680710108297653
2.569909920537894
2.5769105468582496
2.59649076877238
2.5849899588312284
2.5972210816444448
2.5977348509535565
2.5796729234446567
2.5759447990750615
2.578564329290126
2.5614716047025397
2.550928526518379
2.5492518053359823
2.5454893099445632
2.5476686678924403
2.553136457227612
2.550026046423899
2.5568158426506256
2.5347685423340285
2.550524580096674
2.5519192012993988
2.549848767954386
2.5313344283628436
2.5291039150615546
2.512896565375563
2.5044483854247117
2.557243132994568
2.5445257790936986
2.5281195012760627
2.497043368215766
2.5069766807080933
2.5315083031580965
2.5211708701449664
2.5338195971190194
2.5219413978030767
2.5246487880087427
2.538595253463501
2.5165352853408556
2.5057932079010556
2.4833144050368157
2.4874923025745357
2.458939394578187
2.463097568838313
2.4348881968088265
2.4690298394882633
2.4656253074518166
2.4241415943584825
2.4048558723990143
2.407152002372844
2.422656451216774
2.433210557843073
2.4156538242434227
2.4417303179983505
2.4490418833826064
2.470210673752199
2.4513480521749953
2.4316940182097118
2.3997827068456092
2.4050051510868915
2.433354038674931
2.411323103323655
2.3938385268209705
2.354069262398084
2.3345410385373393
2.3147998980145306
2.3195432727154186
2.3288548183042015
2.3392019371977
2.359064035397398
2.343911623689247
2.348336378883212
2.347934964817829
2.3382788997551334
2.329341112152293
2.337434906032478
2.3391892705762163
2.358592244608544
2.387192455314357
2.401820442401582
2.4106758863705076
2.4194289175543373
2.4434577633060495
2.4692921330432283
2.452091728807051
2.4384022527734373
2.418796586407048
2.422755457216285
2.444607573933584
2.4277668820310416
2.452166887180112
2.420148396429958
2.4255413118701634
2.4272775154195445
2.430289916001403
2.4207628285038076
2.431726816671343
2.404950504630913
2.4212538919675324
2.4203212801987486
2.4377792124329933
2.4603173354676
2.449596587170229
2.4255840006163245
2.441733959398749
2.4606993994740516
2.465894865821488
2.465230853320773
2.480858177323281
2.4388315419188946
2.4048546175241925
2.400114909514307
2.3997386084008125
2.4379936262932325
2.4481100176230397
2.4451777901198084
2.4762745385590272
2.4780234819503804
2.4464017783950616
2.432490659366307
2.448636691199201
2.4434825228424932
2.412949718324534
2.4023082767482835
2.4038269680072344
2.3718491508181634
2.3508802688151986
2.3677629839338374
2.3636681418287493
2.371874140108879
2.3494253583343387
2.3681776106329666
2.3249485426490524
2.3599864629380973
2.3732558573940663
2.3661950752766745
2.38174031617485
2.4021821107877632
2.407266682311496
2.417861859939514
2.4284960000357105
2.3939885044525884
2.4017609733128307
2.3987787482667544
2.409619229218952
2.403247746786541
2.4164482559038127
2.4236945217785215
2.398682063688309
2.3890843140500366
2.3948157947898014
2.4148977022756286
2.3868442662590494
2.3572738781326206
2.3779207377469413
2.3437429616378074
2.3307909287039865
2.3294544725994144
2.344816456706733
2.351097565503704
2.3716256086770406
2.353468788130317
2.3415923676586856
2.2925750931908557
2.3180175033538712
2.319160032287364
2.296234696871482
2.2570916175166014
2.28332899475655
2.263797588539799
2.280023243916666
2.2799086270980284
2.3182089519271187
2.3362653306124144
2.326240671447534
2.3280042748369136
2.3324640855130303
2.3420345610152817
2.340608723606093
2.3307892301048843
2.328090304423296
2.3206677188803453
2.311040658513985
2.3160109127133843
2.322037200176407
2.324016631273266
2.3074784223500027
2.317873895926425
2.3211551777066943
2.3405538085604034
2.358457626250597
