2.334389041138404
2.334387000213953
2.3343849159018477
2.3343889566429574
2.3343899647476967
2.3343885078413127
2.334389887304537
2.334386983759353
2.3343892793394416
2.3343918208902386
2.3343928806756096
2.3343935355983523
2.3343941451427708
2.3343956244881148
2.3343933364463427
2.33439235491112
2.334391843167105
2.334389303072307
2.3343911014687344
2.334391536590182
2.3343917048164458
2.3343939810051473
2.3343909254800397
2.334392827691619
2.334393601783924
2.3343926519224967
2.3343921895971893
2.3343947705268935
2.3343916492333485
2.334387927026879
2.334385633720781
2.3343883783792814
2.3343883981640805
2.334388688336862
2.334387832817993
2.3343882119640456
2.334389363271356
2.3343922220549898
2.33439238763957
2.334393564260439
2.334392217687023
2.3343911572521447
2.3343930142625875
2.3343915142949205
2.3343921502548133
2.3343941091684246
2.3343931198985146
2.334392366381262
2.334396399376511
2.334395054439464
2.3343982117371223
2.334396022601919
2.3343959313819935
2.334397100773871
2.334397507658985
2.3344007503924424
2.334398620462682
2.3343971542649427
2.3343954184287097
2.3343935745832316
2.3343912662213526
2.334391613552902
2.33439047627197
2.3343909088626478
2.334392222206049
2.334389872581719
2.3343891692267094
2.3343919992484077
2.3343893296862475
2.3343914129027317
2.3343872790194133
2.3343869352706412
2.3343871739946986
2.334389004746875
2.334390106200729
2.3343907674183377
2.3343921159868546
2.334390077560711
2.334386505086317
2.3343835818184924
2.33438386626917
2.3343815642399313
2.3343810392140987
2.3343822951366153
2.3343799624885615
2.3343789711500205
2.3343820115726164
2.3343819370532577
2.3343855663126907
2.3343882671809126
2.334391833254715
2.334391897319702
2.334390564762682
2.3343905389340276
2.3343891700749446
2.3343903985186176
2.334388936916934
2.334386856064833
2.3343891162721904
2.334388768321459
2.334388807330517
2.3343906065849
2.3343923999015996
2.3343929008995796
2.334393278637105
2.3343902670152112
2.3343901785717773
2.3343912267366194
2.3343891011228277
2.3343885365504726
2.334389953261354
2.3343905943208916
2.334387544037036
2.3343883471897646
2.3343880572809694
2.334384893850904
2.3343822923548125
2.334379451421014
2.3343826250204094
2.334381388267559
2.334384374969026
2.334384261570655
2.3343828682861654
2.3343803398903646
2.334379597912598
2.334382411630252
2.33438018987255
2.3343826670198555
2.3343857721166743
2.334383283218714
2.334385926429131
2.334382929903627
2.334381106201562
2.334384214607356
2.3343834777847805
2.334383666347059
2.334384813404307
2.334389169620335
2.3343903043162104
2.334389815530231
2.3343891909595373
2.3343900842708063
2.3343897118750254
2.3343884699762345
2.3343860303516846
2.334384976227556
2.3343873521669787
2.334389621747146
2.3343913298613344
2.334392858516845
2.3343940929996436
2.3343981822261988
2.334401370164419
2.3344004917199035
2.3344014045964223
2.3344035644476793
2.3344006242758955
2.3343997826879557
2.3343995607615846
2.334398551131609
2.3343996198124515
2.3344032647031785
2.334405136513728
2.334406723096865
2.33440548887533
2.334405001119718
2.3344029096121566
2.334405567726159
2.334408715941181
2.334409364302074
2.334410280566327
2.3344109734669
2.3344119589477743
2.3344132592952196
2.3344152097548916
2.334412338668372
2.334414240473124
2.334415312121269
2.3344182378789267
2.3344183818502424
2.33441577217429
2.3344122029916803
2.334410182059514
2.3344098451593043
2.3344081910245427
2.3344090568305393
2.334407441232367
2.3344066355967925
2.3344069816698574
2.334404879956446
2.3344046337665816
2.3344042716410844
2.3344018382843057
2.3344023650533354
2.3344039728216157
2.3344072483925977
2.3344093528510914
2.334406946528824
2.3344096764284203
2.334412081627975
2.3344131548521445
2.334417232003518
2.334417378424801
2.3344141765692625
2.334411878376221
2.3344113825069974
2.33440857975323
2.334407096462542
2.3344084834662113
2.3344088746110585
2.3344083891636935
2.334408502952388
2.3344126063809343
2.3344100379917148
2.334407292331392
2.3344084277576593
2.334407134619825
2.3344067164494056
2.3344046274723387
2.334405805432614
2.33440524681844
2.3344058947845667
2.3344051646738233
2.334402135733295
2.3344058428531023
2.3344083297367217
2.3344031983166786
2.3344015101565714
2.3344032141296718
2.3344000821614883
2.334398596104582
2.3343983463506053
2.3343995151001184
2.3344009148941782
2.334405008331247
2.3344070281076457
2.3344089903836296
2.334408457153026
2.3344111418943325
2.3344113842325465
2.334408827421043
2.3344079333981327
2.3344077407635853
2.334405799659498
2.334403189525267
2.3344014617904776
2.3344049624310412
2.3344038458939553
2.334402293013494
2.3344025541915365
2.3344027249779153
2.334404828983376
2.334403914927075
2.3344020141196653
2.3344057294837923
2.3344058003211337
2.3344044759416733
2.3344029080206696
2.334401395713993
2.334406492459691
2.3344060092811634
2.334404654786368
2.3344056786921317
2.334404915102467
2.334404192068899
2.3344046020894695
2.3344035434079555
2.3344036188525727
2.3344039887545542
2.334403269170419
2.3344026070356434
2.334402404231647
2.3344053648917997
2.334405410169027
2.334409306475721
2.3344074970026334
2.334409244560763
2.334408075695042
2.3344060379509015
2.334407311008427
2.334406939693531
2.334405953226946
2.3344053169655994
2.33440852871715
2.3344081131642307
2.334408555892027
2.334407500495384
2.3344080514736394
2.334407239057391
2.334404079353032
2.334405593295406
2.3344075365837536
2.3344086263865282
2.334407688526728
2.3344049024334486
2.334404241601875
2.3344037189590154
2.334405383442552
2.3344051683171854
2.3344048860754563
2.334402412147646
2.334399945969014
2.334398543676302
2.334396260502013
2.334396689354522
2.3343990767692726
2.334396921450453
2.334399254593625
2.334401254985093
2.334400232676705
2.3344019746654894
2.334401410132975
2.334397697934671
2.3343969467709873
2.3343971273548085
2.3343986820816136
2.33439858560183
2.3344006101477612
2.3344008350338084
2.3343997297181787
2.334399185593195
2.334401642438451
2.3344037933733137
2.3344027421058
2.3344044234490524
2.3344048067086893
2.334404542671353
2.334403316112312
2.3344038725795766
2.334404993057462
2.3344067166566065
2.334407064838295
2.3344103985098448
2.3344099167373584
2.334408461244133
2.334410670083301
2.334407870913014
2.3344084400933087
2.3344044941269333
2.3344043297454578
2.334405717055836
2.3344057583610014
2.3344036040412397
2.334404846318905
2.3344059719176666
2.334403116026698
2.334404190852564
2.3344023856247613
2.3344011802246243
2.3344008219040613
2.334400592560192
2.3344009996858386
2.334402676452962
2.3344029455837187
2.334403030119376
2.3344029412169736
2.3344021210960353
2.3344005062015203
2.334398134422465
2.3343962817183397
2.334395828470078
2.334395902831467
2.334397046204801
2.3343996471970785
2.3343991420538694
2.334400265499143
2.334399844069152
2.3343980607174166
2.3343971102081422
2.3343967082704187
2.3343933330738027
2.33439454806463
2.3343946021001827
2.3343944725305232
2.3343939282618282
2.3343929301996615
2.334391634021977
2.334390515731617
2.3343921538898322
2.334391602171129
2.334391465097432
2.3343874387509485
2.334390575170184
2.3343919459307814
2.3343896385451464
2.334389695270377
2.3343876052620596
2.3343898933622413
2.3343898612274536
2.3343914436606243
2.3343913439032646
2.334392014854518
2.33439407475386
2.3343912313328934
2.334387330374956
2.3343884133462884
2.3343892466499088
2.334386644498122
2.334386632209146
2.3343854234825105
2.3343877920034988
2.334383738014651
2.334386520081974
2.334385274622631
2.334383000141896
2.33438626684236
2.334385639171419
2.33438967540342
2.334388909237238
2.3343876551936735
2.3343907254974856
2.334390035963303
2.334388146190644
2.3343930141158347
2.3343904761988568
2.334388918816902
2.3343869319310864
2.3343862637784185
2.3343864266743166
2.334384760571453
2.334384266397955
2.3343839759562486
2.334383861680076
2.334381141518958
2.334381961477982
2.3343798506055404
2.3343780042775606
2.3343755542764737
2.3343756315500928
2.3343756648943335
2.33437651646993
2.3343768360564567
2.334380546960917
2.3343823579688183
2.334384641515377
2.334382564226417
2.334381032778499
2.3343824212340087
2.334384557908912
2.334385360668808
2.3343850038061684
2.3343835698546207
2.3343812027486197
2.33437946150734
2.3343759090697214
2.3343747211846977
2.3343739916329422
2.334372813755519
2.33437188977929
2.334372791214552
2.3343714636035484
2.334371927885555
2.334374644437305
2.334374034506152
2.3343727419162033
2.3343769828420218
2.3343753540328747
2.334373121415192
2.334376415267368
2.334378899308009
2.3343790350258775
2.3343778742706296
2.3343780510262953
2.33437944303567
2.3343825991286233
2.3343845678733506
2.334383285855112
2.3343820440438985
2.334381362725338
2.334382966938338
2.33438283655062
2.3343823522507314
2.334386862940871
2.3343857154683527
2.3343836026804348
2.334386181148106
2.3343853704732327
2.334385386266177
2.3343852578834565
2.334384444912089
2.3343844259498194
2.3343830873400075
2.3343849169107753
2.3343864691853593
2.334389328560234
2.3343908817904215
2.334393210953985
2.3343926800854025
2.3343943255792166
2.33439712901515
2.3343937936852517
2.3343931204896378
2.3343945629700884
2.334394612047298
2.3343936218677164
2.334393359250268
2.3343940068696187
2.334392539415339
2.3343930409169857
2.3343951869127775
2.3343966507759357
2.3343931936652496
2.3343913532714073
2.334393578319019
2.334398916195822
2.334397162567325
2.334398542965105
2.3343976956366723
2.334394499316546
2.334394678979406
2.334391967270793
2.3343931501641304
2.334389630319718
2.334395793316112
2.3343981372104765
2.334397834012076
2.3343977599921235
2.3343979263441286
2.334395483361431
2.3343956474295027
2.3343944676594184
2.3343899956352177
2.334390867607262
2.3343901070411057
2.3343914246896986
2.334389315470561
2.334393221032933
2.3343962050676477
2.3343984205603525
2.334397578214386
2.334397564711103
2.3343974016143916
2.3343953925211793
2.334392962793357
2.3343965059708456
2.33439556165919
2.334398566422734
2.334400411215226
2.3343982948939823
2.334396898011795
2.334395210003421
2.334395026777667
2.3343992295261815
2.3344020971116386
2.3344023363145716
2.334400718767826
2.334402595936479
2.3344048797422783
2.3344018521368226
2.3344008023813885
2.334401395660058
2.3343990651674353
2.3343992531703806
2.3343967889604267
2.334397380023786
2.3343963521706432
2.334397556422428
2.3343975762324853
2.334400211987936
2.3343995979462004
2.334400187474609
2.3343975145293916
2.334399007558729
2.3344013164671122
2.3344001237874243
2.334399469743662
2.3343980986493724
2.3343962971712973
2.3343997569768655
2.334400654009976
2.3344008832698195
2.334403879372641
2.3344014765832877
2.3344062957645324
2.3344048053829853
2.3344086036695737
2.3344044807632565
2.3344025390368874
2.334401741273431
2.334402698849882
2.3344015952823507
2.3344033202362193
2.334400978707235
2.3344023577976847
2.334401638433341
2.3344025519832883
2.334404416747244
2.334405632921956
2.3344076011012516
2.334407781877949
2.3344050630103306
2.334404849936799
2.3344078444679264
2.334409297487181
2.334408232074713
2.334407678214009
2.3344069087148114
2.334405193540025
2.3344055482306665
2.3344064109699496
2.334407000165419
2.3344051311237433
2.3344073305069
2.3344111918723893
2.3344091376821
2.3344084520800816
2.334409217978192
2.334406634774181
2.3344081997323363
2.3344068776191866
2.3344100344911363
2.3344106950535894
2.334410833556663
2.3344073968025145
2.334407262521945
2.334406424746709
2.3344048203844543
2.3344028592917736
2.3344041820875856
2.3344021875133083
2.334399543791975
2.3343998648319757
2.334401483614451
2.3344026686945747
2.3344022305790086
2.3344028564695987
2.334401240444535
2.334400986950564
2.334400317270715
2.3343985413736665
2.3343971514943735
2.3343992256371653
2.3344008455816043
2.3343983108733957
2.334398144237015
2.3343970364959037
2.3343954490194108
2.334397239025473
2.334402500006446
2.3344026911876505
2.3343994063180276
2.3343996368827145
2.3343975846860023
2.3343971447832366
2.3343942971931444
2.334395788207437
2.334394830858912
2.3343914709511324
2.334393355018398
2.3343924841216257
2.334392983750578
2.3343948069603884
2.334394099846528
2.334395902648562
2.3343979390657217
2.334397996307839
2.3344003797916293
2.3343995351844202
2.334399069437531
2.334394567091323
2.3343969798792137
2.3343965593426423
2.3343975527525527
2.334396585572185
2.3343986285235365
2.3344020056588275
2.3344035654781847
2.334405390921729
2.3344073956611022
2.3344075242828826
2.3344056285508503
2.334406827523087
2.334411351379709
2.334409084551395
2.334411288105688
2.3344103064378268
2.3344120694753987
2.334410735885508
2.334411707621394
2.334415298906349
2.3344142605437135
2.3344115851251472
2.3344114465999906
2.3344133926380777
2.3344153980808455
2.3344152702425895
2.3344145503052363
2.334419836934732
2.3344185542265015
2.3344172065417244
2.3344168046311817
2.334413169732297
2.3344114341235693
2.3344104527604546
2.3344101933987997
2.3344096469998368
2.3344133293273517
2.3344170203138486
2.334412377855469
2.3344122623132715
2.334412445554388
2.334414339996874
2.334414679338489
2.3344205377834846
2.334420297357369
2.3344204853362522
2.334419451195001
2.334419398835651
2.33441977136667
2.334418423024611
2.334419006682115
2.3344163477328874
2.3344180870412767
2.3344174207910378
2.334416151401738
2.3344160319383516
2.334413017415801
2.334413976261848
2.3344162929739656
2.334417536323294
2.33441997602771
2.3344186809379894
2.3344173368823116
2.3344193206689208
2.3344195791045923
2.3344179961850737
2.334417471152818
2.334416858919515
2.3344185361340113
2.3344172750136813
2.3344174309917456
2.334416438045016
2.334415205978094
2.3344138541751276
2.33441119034435
2.3344146421752523
2.334412616763173
2.3344131786257063
2.3344126933011817
2.33441274602188
2.334415377586157
2.3344152289059754
2.334414812335268
2.3344117128978135
2.3344138604724276
2.3344132721569935
2.3344119723024956
2.3344070912752635
2.334407485120066
2.3344055986424554
2.334405847593142
2.334406518928065
2.3344037034579106
2.3344062381257267
2.3344078653118827
2.3344078457435034
2.33440854845891
2.334405023584734
2.3344056129389568
2.3344063516286395
2.3344047928504215
2.334402872990792
2.334404465650195
2.3344047256706952
2.3344084389419466
2.334405137377091
2.334404810072134
2.334407975382951
2.334407201422467
2.3344066940245884
2.334410548880994
2.334411790875319
2.3344135019536676
2.3344119433705215
2.334411650652751
2.334410646736332
2.334411842683162
2.334415324525482
2.3344131986130665
2.33441421814336
2.334410339988162
2.334410126689584
2.3344107308198327
2.3344107185818057
2.3344115331217994
2.3344080757425894
2.3344076515625742
2.3344051585976704
2.3344023775738587
2.3344016175664324
2.33440137266075
2.3344020078644174
2.334404415940862
2.3344062937082173
2.3344059513787565
2.3344060227705783
2.334401711943796
2.3344037055123557
2.334406300727622
2.334411435971152
2.334410257542206
2.3344101392839978
2.334409344981362
2.3344101915244964
2.3344085789480453
2.3344069814767106
2.334409573467436
2.334410637694706
2.3344109215550803
2.334410176290398
2.3344096083854
2.334411110913233
2.334409730574833
2.3344110423365225
2.334411660891195
2.334410940579696
2.3344080701045753
2.334409101388294
2.334407604368298
2.3344061980495345
2.3344063663139343
2.3344067532714305
2.3344062062997093
2.3344058355257693
2.3344066186113177
2.334407401811331
2.334406160193851
2.3344062253801066
2.3344035193744457
2.3344036731017286
2.3344046987616482
2.334407543321428
2.3344096688004563
2.3344089706270994
2.33441067814152
2.334408147976247
2.3344060686248844
2.334410532487527
2.334409664195029
2.3344092200189106
2.3344103747666987
2.33441143749442
2.3344128184982855
2.3344124685234293
2.334413116395663
2.3344128330894387
2.3344128140964484
2.3344122963029568
2.3344139518080267
2.3344130970553882
2.3344129741995165
2.334409705356534
2.3344069643955465
2.334406712095732
2.334407573293036
2.3344081323030337
2.334403752287486
2.3344030409552126
2.3344042845734543
2.334407611524913
2.3344062983673854
2.3344073726366097
2.3344083466168857
2.3344075699245677
2.334409832011566
2.33441171906792
2.3344142695984402
2.3344142360023397
2.3344094287297588
2.3344062225204616
2.334403559677793
2.334403104377017
2.3344005123028877
2.3344003607806476
2.3344012813093777
2.3344028711789417
2.3343982898792945
2.334400010193732
2.3343994099382255
2.3344014082591458
2.334402625619641
2.3344047805378145
2.334401853362532
2.334404160861709
2.3344016909882748
2.334400621967117
2.3344008723413863
2.3343992187971896
2.3343972719750843
2.3343965977411236
2.3343994042288485
2.3343979552682566
2.3343997995548817
2.334400405686516
2.3344041484518403
2.334403983976899
2.3344052064069167
2.334405949051153
2.3344066498089284
2.334403951503438
2.3344047142736644
2.3344081876540317
2.334410201752099
2.334406512164073
2.3344085171476077
2.3344105032293134
2.334410945167388
2.33441406688275
2.3344121490278305
2.3344129419923716
2.334412214724951
2.3344159792395742
2.3344148090612973
2.334416523937779
2.334413984005645
2.334413816238815
2.3344140933040287
2.3344120694713633
2.3344156679172774
2.3344174688645793
2.334416891860878
2.334414889536666
2.3344172326354293
2.334414719648784
2.3344122845086805
2.334412922843159
2.3344145976461306
2.334414551244437
2.3344154200214167
2.3344141996321124
2.3344173757800375
2.334418070597306
2.334413432101102
2.3344159430805775
2.334417187826183
2.3344132064316185
2.3344134681225883
2.3344125612731292
2.3344113500479606
2.334414006653741
2.334414438006231
2.334414225234932
2.3344169001314787
2.3344158403507693
2.3344173045459504
2.334414072729695
2.334412612872661
2.3344108401845745
2.3344115026449717
2.3344105356172355
2.3344104360383677
2.334412704391913
2.3344130328719936
2.334411870837157
2.3344133264305365
2.3344164241562213
2.334415799332577
2.334416414497898
2.3344163339544983
2.3344144594745293
2.334415300861075
2.3344147253084047
2.3344146494567477
2.334417862877179
2.334416160835409
2.33441766949391
2.3344189945216502
2.334418737533383
2.3344171902792406
2.3344194906720324
2.334417989919748
2.334419062572147
2.334419623278949
2.3344221547414308
2.3344257462353633
2.334422447364101
2.334423739504726
2.334421775765528
2.334421019677289
2.3344206690802873
2.334417067504172
2.3344152702281384
2.334411756554784
2.3344127528996905
2.334410358786396
2.334409366200934
2.334406195490622
2.3344024968774244
2.3343992612543123
2.3343992023925813
2.33439721727462
2.3343953786537956
2.334398734192791
2.3344007284635713
2.334400831006804
2.3344023004613708
2.334402923780437
2.3344036440762332
2.3344025644468864
2.3344051725344417
2.334404918945243
2.3344039606000937
2.334404159295616
2.334404989791123
2.334404656025033
2.33440289574658
2.334403874375467
2.3344052958296717
2.3344064895843735
2.3344054410468664
2.3344041838142107
2.334404324100234
2.334402389339399
2.334400208488889
2.3344009055392054
2.3343993454855547
2.3344025635410657
2.334403561614454
2.334404260556481
2.33440430449561
2.3344057187212406
2.3344058088725785
2.3344077171657034
2.3344074849544745
2.334410030026828
2.33440795561623
2.334405940795976
2.3344070723874615
2.3344081770945673
2.33440793349872
2.3344071621745655
2.3344063024032007
2.334405931421826
2.334407966814152
2.334407520582378
2.334408848751647
2.334408897654928
2.334407254334401
2.334406044669115
2.3344064974620147
2.3344071702709503
2.3344081320594516
2.3344083214040685
2.334407568521289
2.33440533807526
2.3344019344345477
2.3343996541754484
2.3343988291801097
2.334397144385158
2.334398414615483
2.334399011244132
2.334399122544738
2.334400964075379
2.3344019401795593
2.3344002540641084
2.334397218482657
2.334397591272362
2.3343970862629844
2.334395084740233
2.334395577988761
2.3343945983829992
2.3343939926323345
2.3343962084038683
2.3343946998027385
2.3343961205991555
2.334399635091479
2.334397085419856
2.3343989784819663
2.3344014575445216
2.334401856658625
2.334402180862963
2.3344021036893112
2.3344005764781715
2.3344016010477304
2.3344009322512513
2.3343998071016703
2.3343970231782927
2.3343973007885013
2.3343991540456037
2.3343963345022356
2.3343932514508863
2.334392952452048
2.3343928078376037
2.3343941318311354
2.3343938224968896
2.334390873979913
2.3343919494975762
2.3343915121461287
2.3343877067584105
2.3343868980409876
2.3343889569949856
2.334384846640723
2.3343822076589547
2.334382989838724
2.3343847803047355
2.3343849835416957
2.33438549264713
2.334387001954419
2.3343864423304783
2.3343859937144438
2.334386097428867
2.334383713818245
2.3343856907253295
2.3343889761937255
2.334387567838097
2.334385042245066
2.334385810865987
2.3343851249185703
2.334385516820339
2.334387214446758
2.3343864267278334
2.334387965261094
2.334387176867839
2.334386867606351
2.3343865358864595
2.334390789435903
2.3343908743860005
2.334388776629835
2.3343906742612877
2.3343911381104867
2.334390169535429
2.334389291196882
2.334388014642089
2.3343869601253897
2.3343890627526886
2.3343868664950054
2.3343843225889462
2.3343910821495824
2.3343945973532643
2.3343944958009173
2.334396658102754
2.3343947881080886
2.33439136955895
2.334394180000869
2.3343960915199977
2.33439643858096
2.334396051286464
2.3343960757151665
2.3343954168072183
2.3343962195232257
2.3343966619495524
2.3343941942144317
2.3343947760365986
2.3343947250464145
2.3343977236633138
2.334397182901768
2.3343958754200043
2.334396447815955
2.3343959083233354
2.334396427233699
2.3343968469565475
2.334396966057442
2.334397303827431
2.334393268256391
2.334395974794905
2.334395560602321
2.3343941611659766
2.3343954929151565
2.3343974750172576
2.334396770598478
2.334399553822881
2.334402658198632
2.3344075579263217
2.3344091281241366
2.3344091261478495
2.3344105793402194
2.334412167491368
2.334410683024481
2.334413646559173
2.3344125284455335
2.3344107416719306
2.334408867452317
2.334406286161193
2.3344080174273967
2.3344059130194506
2.3344084562813716
2.334410004954497
2.334408125215121
2.334409066742561
2.334410607504539
2.334409736738812
2.33441167189474
2.3344132932047166
2.3344127546223463
2.334411796656879
2.334412183951305
2.334414075521607
2.3344142058836845
2.3344133405972323
2.3344156304873214
2.334417796719543
2.33441847318903
2.334418350234563
2.334420086008398
2.334418657622624
2.3344180170068207
2.3344192327998985
2.3344146431928943
2.334411129549535
2.3344091261192546
2.3344098093296894
2.3344105108683375
2.334410657382396
2.334409996773669
2.3344111986960674
2.3344113719911928
2.3344125312968074
2.3344113424403767
2.334408494382962
2.3344093439383506
2.334410097366161
2.3344084261931695
2.3344094016182355
2.3344096872996833
2.33440884110289
2.3344118612279137
2.3344125363132817
2.3344125854519215
2.3344137705231045
2.3344092246128496
2.3344074970160396
2.3344072554784474
2.3344078459389075
2.334405633639835
2.3344056340148645
2.3344052280135585
2.334406966941276
2.3344052693647113
2.3344055454535213
2.3344074640379064
2.3344052615419644
2.334404148031453
2.3344035141549337
2.3344054550036315
2.334406472188076
2.334405531582222
2.334404258059964
2.3344024578952265
2.3344033306873397
2.3344068208840647
2.3344081737584483
2.3344086734727068
2.3344107350211
2.3344110081651217
2.334412777936275
2.334414344285725
2.3344160153659614
2.3344149375093517
2.3344183840998234
2.3344211702045454
2.334421208653552
2.3344208882461386
2.3344200397834194
2.3344213275322994
2.3344223114750218
2.334419832001081
2.334420678902339
2.3344168574486637
2.334416181119683
2.3344147417178416
2.33441225445478
2.3344154566812243
2.3344161180927023
2.3344172974700865
2.334411848005847
2.3344096811026676
2.334407606724486
2.3344078229786787
2.334407948924962
2.334405573956156
2.334402846329826
2.3344039198676803
2.3344063894444353
2.3344070572450826
2.33440811025497
2.3344067515882623
2.334409137756258
2.334408921537281
2.3344091248608847
2.33440937269527
2.3344087417150425
2.3344069776088596
2.334406900965271
2.334403309675854
2.334401855766324
2.3344014517347182
2.334402872345627
2.334403528734102
2.3344036040358844
2.334404992100464
2.3344024542744433
2.3344070767146277
2.334410399093505
2.334409266770385
2.3344108863755317
2.334414902978345
2.3344133409389416
2.3344117050065165
2.3344103693352105
2.334410857593853
2.3344127991251655
2.3344080302648793
2.3344078851879875
2.334407730046514
2.3344095541535053
2.3344075402572937
2.3344084897703805
2.3344123182873617
2.334413445610782
2.334413037415304
2.3344142603693894
2.3344146114125066
2.334416872842107
2.334414463715937
2.3344118961556095
2.33440834836156
2.334410618574263
2.3344097564770956
2.3344110994943574
2.334409797004588
2.334410735942496
2.3344149115091426
2.334415941783882
2.334416937157235
2.3344171495313555
2.334417708729477
2.334419013689056
2.334414378057706
2.334417159980305
2.33442035317818
2.3344172668461205
2.334415959411896
2.3344158160264485
2.3344168396334735
2.3344183377426893
2.3344164279753223
2.334413883550094
2.334413108668139
2.3344116602263045
2.3344089474821392
2.3344089072057352
2.3344080941172387
2.3344056827566133
2.334403752434649
2.3344041514496103
2.3344046930058036
2.3344077153930356
2.334406480785543
2.334410085553909
2.3344103534426655
2.3344096987449987
2.3344064377371962
2.3344103321743286
2.334407775003487
2.334405697465179
2.3344026139822005
2.3344017904982253
2.334401771175219
2.334404689506092
2.3344079960493325
2.334405767766747
2.3344069525823046
2.334404727330434
2.3344055630390645
2.334406455216009
2.334408345982152
2.3344108490030573
2.334410450164134
2.334411568802528
2.3344127375496337
2.3344103476574127
2.3344111613903156
2.3344131424856225
2.3344117476119974
2.3344118423178557
2.3344121410809637
2.334410809215146
2.334409542033387
2.3344104142206743
2.3344098933037656
2.3344081923160407
2.3344077618995165
2.3344060685398835
2.3344046907846328
2.3344068999108125
2.3344063904252166
2.334407518005562
2.3344063395279755
2.3344092654437385
2.334407985761651
2.3344103502633073
2.3344124336177474
2.334412347682083
2.3344137558433427
2.3344142579119915
2.3344144612963094
2.3344115346918253
2.33441273839781
2.33441427308974
2.3344146107231403
2.3344148772816156
2.334412660203126
2.3344160828556024
2.334415012655556
2.334416085604345
2.3344123472805114
2.3344095287076714
2.3344073744520646
2.334407320209506
2.334407769297525
2.334406239586971
2.3344062733013184
2.3344027090190447
2.3344035065994584
2.334401089463175
2.3344017856000394
2.334402489220934
2.3344015931220823
2.3344036604140315
2.3344029748820025
2.3344030783891108
2.3344036022729533
2.3344030051721396
2.3344015468870203
2.334399524755625
2.334399494314441
2.3343986247685407
2.334395007923204
2.3343974455198797
2.33439864393891
2.334400077533318
2.3343984889573464
2.334397971392633
2.334397728945746
2.334399480912635
2.334400014881817
2.33439615412771
2.3343969855131403
2.3343968248830778
2.33439867131386
2.33439938049936
2.3343989278904336
2.334399085960131
2.3343989271127117
2.334397786892842
2.3343996382596983
2.3344028068273572
2.3344069342425424
2.3344075157661006
2.33440804008515
2.3344056760545007
2.3344066170888484
2.3344094637828214
2.3344096371787812
2.3344078294279367
2.334405457228258
2.3343981843463557
2.3343959137163592
2.3343953317194814
2.3343943380774173
2.3343941385109983
2.3343939675244214
2.3343941770795182
2.3343971073850702
2.334395378948659
2.334399188664675
2.3343974245107355
2.3343983122034997
2.3343975583215637
2.3343973020575572
2.3344010787420597
2.3343977922289785
2.3344002039153473
2.334400808956097
2.3344022441646297
2.33439717893473
2.3344006455078863
2.3343999602147996
2.3344025878099113
2.3344004875766835
2.3344008711858586
2.334400412798915
2.3343990302511206
2.3344003571545184
2.33440091226448
2.3344012307294126
2.334402300253467
2.3344012368735894
2.334403098814323
2.3344042876472324
2.3344010384999145
2.3344044818548144
2.3344060513445837
2.334407283631917
2.334404269553789
2.334406046394689
2.3344066819573244
2.334407809919061
2.3344089546695983
2.3344082247490716
2.334407293242574
2.3344076163269625
2.3344069972345127
2.3344078215908777
2.3344101688973335
2.334410563375864
2.3344108642738033
2.3344151740058505
2.3344163994503337
2.3344188709185536
2.334417877498702
2.3344172171328004
2.3344180132276007
2.334414992299727
2.334417609700056
2.334418496938311
2.3344200867083598
2.3344198055018026
2.3344205639024556
2.3344206325263057
2.334419306472497
2.3344203313240732
2.3344185570641356
2.3344208976357104
2.3344224034625185
2.334421500701669
2.33442147484987
2.334420567658502
2.3344198845207385
2.334421404288678
2.334422819189058
2.3344210047120355
2.334422830328836
2.3344244524261635
2.334426300744163
2.3344279758420177
2.3344264961016004
2.3344217925213124
2.3344245332386055
2.334422867323772
2.3344216780186406
2.3344238060936666
2.334424401752718
2.3344220059658887
2.3344207464659714
2.3344216127757975
2.334419137391044
2.334416514946388
2.334417093521492
2.3344197843776984
2.3344223615058333
2.3344206065169106
2.334418728073581
2.3344184385646343
2.3344236014287265
2.334425618857726
2.334422327458649
2.3344230940672523
2.334427351558936
2.334426485310694
2.3344267078280376
2.3344247327933743
2.334425764458165
2.3344224238608624
2.3344232402638454
2.3344271610811074
2.3344257731417253
2.3344268553488887
2.3344264671489494
2.334425635776739
2.334424250295622
2.3344279159003425
2.3344278592973238
2.3344246703468947
2.334425972223528
2.3344265841926837
2.3344249970316002
2.3344238327119564
2.3344225103706964
2.334420340327694
2.334425159625791
2.3344226618846178
2.33442225720076
2.334419095526224
2.334421630927098
2.334423800007264
2.3344200949645435
2.334425176124201
2.334428308303471
2.334429595021236
2.3344253931003602
2.334425942271954
2.3344262159225027
2.3344255050761795
2.3344223916561546
2.3344248888179617
2.3344246351485993
2.334423646233723
2.3344228706056787
2.3344209211375815
2.3344189732476943
2.3344174112029825
2.3344138573275255
2.3344166213025175
2.3344206445615012
2.3344187301216652
2.3344183674637806
2.334420480160872
2.3344188514618507
2.334419112963582
2.3344207412658404
2.33441859294986
2.3344192415924936
2.3344172388096935
2.3344169200601574
2.334416404547191
2.3344171804278613
2.3344168771062974
2.3344180959560386
2.3344178075881055
2.334414309485266
2.334415554669023
2.3344158467344935
2.3344130398777856
2.3344123881417755
2.334412923310597
2.3344116477373253
2.3344136676653715
2.334414203404142
2.334414813532222
2.3344144439425745
2.3344149488363235
2.334416802553256
2.3344140610674113
2.3344179966278675
2.3344197126509987
2.334418834108102
2.334420067865747
2.334422493544449
2.334420747110555
2.3344230291178913
2.334421509802111
2.3344189227403094
2.3344208308640413
2.3344195247494297
2.3344162038682317
2.334417636151919
2.3344199488965964
2.334416916228138
2.334413326442487
2.334412781979294
2.3344118561795777
2.3344124482323463
2.3344145490619823
2.3344161204495664
2.3344157422337726
2.334413940809717
2.334415290095193
2.3344141835738124
2.3344129326428193
2.3344118188102705
2.3344120126143872
2.334413827728788
2.3344104768935985
2.3344102165613103
2.334408507246228
2.334407353732328
2.3344058160584282
2.334404933848895
2.334406149137816
2.3344092364758118
2.33440732750548
2.3344100412021556
2.334413395618719
2.334411018515011
2.334410702220294
2.334411133356301
2.3344111650465127
2.3344099089497097
2.334411537559416
2.3344093536934483
2.3344087537053038
2.3344102669676365
2.334411269415665
2.334410735850213
2.3344102863332274
2.334412365015253
2.334414137318559
2.334414771963143
2.3344124427508284
2.334412818336638
2.3344158521003076
2.334414516061023
2.334414581782256
2.3344181747185866
2.3344166968595714
2.334419582320595
2.3344179920436665
2.3344156901176243
2.3344149851080567
2.3344167704015444
2.33441710461147
2.3344156406674097
2.3344167155043847
2.3344192595612383
2.334419477131093
2.334417352410465
2.334420826953495
2.334421984458894
2.3344239482540985
2.334423263170485
2.334422718151945
2.334424105844884
2.3344234632680494
2.3344226420394025
2.3344218988610503
2.3344241003195307
2.3344242519710776
2.3344248151238673
2.3344277394598296
2.334427286190722
2.334426943438621
2.334425202650153
2.3344219315762733
2.33441986323469
2.334419163811653
2.3344187972255637
2.3344166911167883
2.3344168499159403
2.3344117242348656
2.3344125700165677
2.3344132032637845
2.33441427587646
2.3344162143414744
2.334415626282686
2.334412509666031
2.3344108810351454
2.334409196854395
2.3344074049656443
2.3344051231738105
2.3344068743110724
2.3344033332206715
2.3344026064555323
2.3344030412473034
2.334402704146967
2.334401566533425
2.334400139756744
2.334402291780495
2.3344020880557643
2.334399848527197
2.3343993431238
2.3343999911487363
2.3343995601617893
2.3343984389983463
2.3343949641363686
2.33439470482919
2.3343960279538827
2.334392213293507
2.3343909969422514
2.334392923611297
2.3343920160027736
2.3343925104845566
2.3343903193458035
2.334389346325093
2.3343921994108743
2.334391723204634
2.334393259915043
2.334395175545085
2.334397914642681
2.3343979472452805
2.3344003440719905
2.334403670441867
2.3344038049381006
2.3344064610833506
2.334404690716858
2.334404920301689
2.334407122697561
2.3344056731164504
2.3344032397477212
2.334402780396693
2.3344018289381245
2.3343983900631518
2.3343987655557825
2.3343974115502224
2.3343946959212674
2.334393459916486
2.334393695662896
2.334394084364772
2.3343932791846074
2.3343931874971626
2.334393345735861
2.3343901151061703
2.3343914041811793
2.334392258184698
2.3343897915587486
2.334392788053981
2.334395629298698
2.334395007356367
2.3343963751958197
2.3343974677899793
2.334397214720749
2.334397487473863
2.3343982445818217
2.3344000210952878
2.334401027313459
2.334401143737804
2.3344004332891926
2.3344010314943255
2.3344013307341003
2.334404371074237
2.334403043983735
2.3344071514008746
2.3344060579018713
2.3344055353890227
2.3344075499159036
2.3344058778483823
2.3344067186385415
2.3344124905314665
2.33441115805794
2.3344103624215555
2.3344106508072113
2.334410120879694
2.3344084562775635
2.334408617463537
2.3344105482127806
2.3344081133847934
2.3344100713614697
2.3344116900767347
2.334408057543293
2.334409463024972
2.3344066454271473
2.334404608719389
2.334402904755209
2.33440066572898
2.334402944478729
2.3344030255635593
2.3344005285315297
2.334404404142182
2.3344042436568166
2.334403195128026
2.334404912805453
2.3344059775738892
2.334403493544724
2.3344023877925455
2.33440247284966
2.3344040415945084
2.334401094831262
2.3344016917317902
2.3344033334682917
2.3344036224523528
2.3344023013009467
2.3344007671463394
2.334399347040109
2.3343994137717434
2.334397289278183
2.334392182343148
2.3343885049022863
2.3343879297209114
2.334386331295758
2.3343829176616913
2.3343821100918856
2.33438201860246
2.3343825947840595
2.334382696236084
2.3343838828438703
2.3343844272839043
2.3343848189296574
2.3343854849413233
2.33438603545545
2.334386837185019
2.3343875116766317
2.334385923965511
2.334383205713688
2.33438180432337
2.3343845215161463
2.3343854559236235
2.3343858056579085
2.334387444196402
2.3343855212414155
2.3343888042147096
2.3343871020186953
2.334386528562841
2.3343897382841696
2.334389291796487
2.334388951892678
2.3343905509317606
2.3343888934628727
2.3343908205215516
2.334388649975719
2.334391087906507
2.3343905650940684
2.3343884395652967
2.334389505810622
2.334391062129514
2.3343906960536605
2.3343888923524228
2.334387036034101
2.334385565552229
2.3343847053033078
2.3343870125287305
2.3343870615148274
2.3343892622502826
2.3343885567709455
2.3343884043459924
2.334388690619364
2.3343886796109654
2.3343908859246616
2.334393329648907
2.334393509653377
2.3343948075933665
2.3343942787981318
2.3343932233202347
2.334393950691978
2.3343948561567345
2.3343947940631455
2.3343906978987707
2.334389289304038
2.3343890426772718
2.3343917570537887
2.334388906814095
2.3343889180973663
2.3343907213615185
2.334392101105284
2.3343939253732766
2.3343927683739554
2.3343911235676815
2.334393061784404
2.3343955571242914
2.3343997308249476
2.334400287282852
2.3343981620152765
2.334400572777273
2.334403042408317
2.334400628238762
2.334400700767363
2.334397383105122
2.3343989816700845
2.3344019120322157
2.334401718340236
2.3344030800804694
2.3344005878453475
2.3344020072145755
2.3343998983790755
2.3344047558020082
2.3344048954907524
2.3344042765247246
2.3344081145915063
2.334408338714678
2.3344084310095172
2.3344100758519426
2.334406843436587
2.3344071611510246
2.3344051734138658
2.3344069045544744
2.3344055716130607
2.3344058604488245
2.3344059673318385
2.3344038440240764
2.33440486015994
2.334400752310988
2.3344004945854726
2.334405101521104
2.334404911230202
2.334405756436745
2.3344077100141103
2.3344091200878476
2.334408675535905
2.3344089332193416
2.334411653231875
2.334408415031266
2.3344073434525123
2.3344089164107995
2.3344083176955785
2.334410732694553
2.334412542045676
2.3344100677857975
2.3344113238293462
2.334409094524275
2.334409877420541
2.3344063476464916
2.3344073040265845
2.3344069719702953
2.3344081173937536
2.3344097759930134
2.334412133908454
2.3344157488806103
2.3344151164763214
2.3344123122021876
2.3344134107070214
2.3344134425223295
2.334412506420628
2.3344133002849308
2.3344117081807867
2.3344143642698048
2.334411503117731
2.3344072060266616
2.3344096447408678
2.334409994882614
2.334408855245729
2.334408958979319
2.3344075439982506
2.334407817352958
2.3344041124099326
2.334402097700471
2.3344027094505497
2.334403301192935
2.334403672802959
2.3344007515244796
2.3344042113668912
2.3344030529269237
2.3344042708495687
2.3344049037095047
2.3344051332363014
2.3344052800755435
2.3344058165512727
2.334407292291312
2.3344073651236212
2.334404176829564
2.334405456080541
2.334403395704448
2.3344048154357107
2.3344053582060895
2.3344086295052695
2.334406084184839
2.3344069291163647
2.3344032690302865
2.3344045365085986
2.334406087583988
2.3344065612028246
2.3344055419040814
2.3344064692621207
2.334408686684082
2.334410819939178
2.334410060012344
2.334408882994582
2.3344076731028847
2.334405426142661
2.334404829399441
2.334402806821
2.3344034000024685
2.3344035567374664
2.334400993640055
2.334402103348539
2.3344033052927924
2.334402625263105
2.334400962772942
2.3343998633721106
2.3343995267149884
2.3344006829601396
2.3344037270532803
2.334403779812916
2.3344051455044013
2.3344119409693045
2.3344101460973117
2.334411575414309
2.3344105352212794
2.3344085563710832
2.334403770120755
2.3344076325797274
2.3344086117137146
2.334407807234112
2.334405463619243
2.3344079746817004
2.3344068424021587
2.334405858310188
2.3344054064713884
2.3344054128497276
2.334407416757797
2.334402815913977
2.3344035966835825
2.334404025848186
2.3344059702499105
2.3344066704661834
2.3344107701824184
2.3344089247557926
2.334406342283919
2.3344046400410448
2.3344029502360373
2.3344030157254636
2.3344013356614006
2.3344000206784026
2.334399365717236
2.3343988825710023
2.3343980317548843
2.334397193685115
2.3343998837034605
2.334397929456608
2.3343987984715064
2.3343951256772906
2.33439715273096
2.334395198286575
2.334395026198577
2.3343965424756856
2.3343972414772978
2.3343950455094826
2.3343956693665917
2.3343952610632077
2.334396782353226
2.3343969811602516
2.334400330441226
2.3344001544952353
2.3343997718838763
2.334401691596583
2.334400273836069
2.33440239780895
2.3344058602663207
2.334406986841199
2.334405615251115
2.3344056251912098
2.3344052250830085
2.334404602902513
2.3344012394044094
2.334400873118987
2.3343992740162096
2.3344021011111313
2.334403950681024
2.3344056548180734
2.334403948092729
2.334406016247007
2.3344037438091214
2.334408601606535
2.3344088588161593
2.334410266220072
2.334409223470265
2.334409136396285
2.3344128883287
2.3344130395673344
2.3344139264223105
2.3344151807246543
2.334411623613588
2.334413047370923
2.334411668539984
2.334412312265279
2.3344123449566667
2.3344134643338625
2.3344132078619277
2.3344143053382984
2.3344157536681074
2.3344123920262008
2.3344107329868944
2.3344110417758692
2.334410530220862
2.3344130047563194
2.334410200319253
2.334408586446883
2.3344110238159366
2.334409821215218
2.33440759706857
2.3344076473381246
2.33440818888836
2.3344077583002982
2.334405131004319
2.3344075546703222
2.334404783078157
2.3344064954782295
2.3344075434343203
2.3344090551269328
2.3344112690019636
2.3344124798836523
2.334412891116305
2.3344138837916706
2.334409982353874
2.3344121563752944
2.3344151763644216
2.3344144580451927
2.334414466829923
2.3344131002415756
2.334412095408367
2.334411806490069
2.3344120477492303
2.3344108721404533
2.334411759583975
2.3344107585346308
2.334410352983009
2.3344092575364135
2.3344067548359013
2.3344039754392356
2.33440327662787
2.334406013268073
2.334406302269627
2.3344065463372203
2.3344049473433284
2.3344013488608226
2.3344035151296683
2.334403325540907
2.3344084458390584
2.3344085662591674
2.3344095237642417
2.3344072888147935
2.334408745463111
2.334406618927295
2.3344057592243908
2.334405115549195
2.3344065404571523
2.3344064875376023
2.3344087607239628
2.334408211013643
2.334410039123934
2.334414183372531
2.33441325087922
2.334414541169712
2.334412641718616
2.3344157398594794
2.334418798006781
2.3344165711884184
2.3344149477358482
2.334413404214205
2.334410575717489
2.334411535333933
2.334411104772238
2.3344121594738496
2.3344121284172306
2.3344125882367974
2.3344112707293623
2.334411660461306
2.334409480183249
2.3344117258798582
2.334411343308505
2.3344121342884843
2.334414406523308
2.3344148387118
2.334413966158496
2.3344180041002702
2.3344172897280244
2.334414608928515
2.3344141177944837
2.334410929832895
2.3344113823768984
2.3344122994602077
2.3344130826798795
2.3344154465528093
2.3344158901859893
2.334415194632205
2.3344178865113703
2.334419798825757
2.33442032249421
2.33442374673791
2.334425686764628
2.33442543765981
2.334425019766794
2.3344252573840216
2.334425820614512
2.3344238656574365
2.3344274811658425
2.334427095105037
2.3344266284234467
2.334427270970638
2.334425122053694
2.334420501675572
2.3344204875622157
2.334419266609822
2.3344166488432365
2.3344169011286042
2.3344168837933545
2.334417468302699
2.3344174578919934
2.33441844651676
2.3344188314981014
2.334418327244758
2.334419455252711
2.33441633824744
2.334414375240101
2.33441105283623
2.334409911752858
2.3344071266069957
2.3344065351063663
2.3344061316541693
2.334405675206927
2.3344051186785246
2.334403074991385
2.334404888525671
2.3344046836605625
2.3344034142028245
2.3344038802793095
2.334401508351275
2.334403527722983
2.334403587137509
2.334402754917722
2.334400740790116
2.334400199519229
2.3343999851632358
2.334401949335592
2.334405699886542
2.3344033955384007
2.3344009808391593
2.334403077125048
2.334401950081126
2.334398856281759
2.3343982583909635
2.3343981745119278
2.3343980602049683
2.334398679984364
2.3344002873668868
2.33439863106158
2.334400323728791
2.3344000623221723
2.334401857371941
2.3344001356739716
2.3344032941448267
2.3344031373670675
2.3344060654987504
2.334407897270337
2.334405458413002
2.3344048688627757
2.334404686487257
2.3344085268260115
2.334409021239237
2.3344040918265505
2.3344051476426313
2.3344057317381575
2.3344041394130097
2.3344008684380677
2.3344010051522877
2.33440148697624
2.3344044727700872
2.33440246164968
2.334402064969686
2.3344048808052604
2.334405160841716
2.3343997478938516
2.334399775644993
2.334394217318183
2.334391393124937
2.3343912771836908
2.3343912464389653
2.3343897296915106
2.3343882946475265
2.3343909881007208
2.33438778760322
2.334390317649044
2.3343885776392654
2.334391073661836
2.334390222577021
2.3343913699032846
2.3343921959996328
2.3343932778938026
2.3343952304107964
2.334394301762572
2.3343941279978986
2.3343925084579844
2.3343915087722773
2.3343904830968643
2.3343915522478347
2.3343918976767686
2.33439373778315
2.334391204727342
2.33439166333835
2.3343905587854783
2.334388389255659
2.334386219669369
2.334385590455443
2.3343836331132986
2.334386065995563
2.334388197168527
2.3343920961116553
2.3343910222853173
2.3343956580073955
2.3343958333147303
2.334395693817828
2.3343979535302557
2.3343995275169624
2.334398776308392
2.3343996749306406
2.3344016146726205
2.3344004572540515
2.3344005266158914
2.3344052814964016
2.334405266549864
2.3344024006735453
2.3344013878628362
2.334399441200029
2.3344027019627807
2.3344060602573617
2.3344052539555524
2.334405059034769
2.334406784237199
2.334407810988132
2.3344068097578106
2.334408466503073
2.3344092543465833
2.3344087749911857
2.3344086835132485
2.3344073955356346
2.334409526516044
2.33441197384772
2.334409902795803
2.3344131771339134
2.3344152211419167
2.334417129500785
2.3344171996544048
2.3344181772628527
2.334418614553653
2.3344179336444193
2.334417545028216
2.3344179500941853
2.33441981949923
2.3344200052461814
2.3344213889384737
2.3344190571369503
2.33441592485092
2.3344189352428546
2.3344196998325546
2.3344181939663495
2.3344162170868468
2.334415978273589
2.334414057662928
2.33441358049398
2.3344125333160926
2.334412147761295
2.3344094765898777
2.3344103575509334
2.3344103334305975
2.33440863153211
2.334409970196284
2.33441195106585
2.334409858488911
2.3344096156952094
2.334412261276103
2.334410656029221
2.33440940289705
2.334411743099956
2.334412464832894
2.3344105137201883
2.3344124485954527
2.3344086295165902
2.3344088255134614
2.3344076121159834
2.3344089543122126
2.3344101107326534
2.334409871250708
2.334405945042747
2.3344054427429937
2.334404340445422
2.3343990874954246
2.3343979395406307
2.3343950326555247
2.3343947256406397
2.3343926693070784
2.334393748432617
2.3343930634717505
2.334391128697038
2.3343900709339
2.3343891197512208
2.3343903862313073
2.334389337070262
2.3343888863923485
2.3343888613666977
2.3343930340578054
2.3343935481648486
2.334396969596
2.334395867007368
2.334396945045105
2.334396343995914
2.3343963739291635
2.3343978823459652
2.334397511911075
2.334395345652522
2.3343960380335713
2.3343972274024223
2.334397464051761
2.334400001068677
2.334397179935259
2.334394714627234
2.3343964667459307
2.334398721463292
2.334397297070687
2.3344000710829667
2.3343998789251312
2.334396515647554
2.3343950676150276
2.334392885878048
2.334393359661806
2.334393149138221
2.3343927290957702
2.3343934245636664
2.3343932451966394
2.334393602415137
2.334394650960767
2.3343979516197635
2.3343989838450407
2.334401955282362
2.334399940677667
2.3344016813072423
2.3344007303959757
2.3344038469353317
2.33440133875761
2.334400762024118
2.3344017266822537
2.334405744857947
2.334406753809517
2.3344083541671874
2.3344099950252137
2.3344081936941286
2.334405587043118
2.334404583054724
2.334402303909204
2.3344046838814245
2.334407143070696
2.334408510978246
2.334408973185767
2.3344086040775367
2.334408281021095
2.3344093690836902
2.3344144171258527
2.334415609041372
2.3344142516127966
2.3344156705206736
2.334414270201824
2.3344138873601676
2.334410444430606
2.3344095472055355
2.3344116324980138
2.334410427774777
2.334408173858492
2.3344076511093323
2.33440963549667
2.334409321208293
2.334408781223219
2.3344089395378624
2.3344108102697048
2.334409902720021
2.3344098672190388
2.334410847178017
2.334409339625288
2.334407683350739
2.3344050967938594
2.3344047729440884
2.3344037443183594
2.3344035887281698
2.334404025481221
2.334399803937984
2.3343983347711554
2.334395218895361
2.3343970927478734
2.3343982613231136
2.3343971973659126
2.3343985478850504
2.3343965488432574
2.3343954658519106
2.3343930659717698
2.3343926445575596
2.3343921740346283
2.334392785941196
2.334391054273108
2.3343907917300992
2.33439010661501
2.3343903922899654
2.334387801065427
2.3343859738427777
2.334384982193391
2.3343852040654833
2.3343849715583374
2.3343877553960906
2.334386848580919
2.334384994743368
2.3343871158733576
2.3343857600028635
2.334385288156312
2.3343842292883354
2.3343834772779823
2.33438553077944
2.334384551831797
2.334384147592997
2.334386208568073
2.334382680260067
2.334381289354491
2.334383276860963
2.3343844258164093
2.3343829260580313
2.3343811153252836
2.3343807433977704
2.334383852443193
2.3343841320987986
2.334385397521897
2.334384664936938
2.334385606142625
2.334386638522044
2.334386613892912
2.334385424843403
2.334382458894524
2.3343797545734994
2.334379911402777
2.334382979941931
2.3343827630887546
2.33438526579268
2.3343825154289806
2.334381792557389
2.334382002097323
2.3343821957860524
2.3343794721724915
2.334378263521139
2.3343795938103886
2.3343770208287795
2.334378405753808
2.334376032182628
2.3343790047038646
2.3343790865122758
2.334377914443554
2.3343763703566145
2.334378094539224
2.3343763359893663
2.334376096204868
2.3343758121548372
2.334375657812899
2.334374199461006
2.334373942514156
2.3343745609032474
2.3343774600803355
2.3343781333961626
2.3343790017592303
2.3343802085197223
2.334383181011328
2.3343845109507027
2.3343834893406994
2.334384648176397
2.3343876351355677
2.334390426799455
2.334391071301755
2.3343884170084
2.3343881613487527
2.334388789016445
2.334390277672836
2.33439345596266
2.334392562931032
2.334392627375792
2.334392914346819
2.334396732779508
2.334391497974002
2.3343877932688395
2.334385284030877
2.3343862118146133
2.3343870621400336
2.334385571921805
2.3343855422281963
2.334387878977198
2.334389807253661
2.334388637559518
2.3343863647267313
2.3343859847431907
2.3343863463380967
2.3343829353378447
2.334383004025778
2.334382917896924
2.3343870934720665
2.3343893675534924
2.334388109663331
2.334392889428995
2.3343944045547724
2.334393077602963
2.3343935438360774
2.334392859013655
2.334391563579384
2.3343931634361064
2.334392263670451
2.3343950136765015
2.334393257217624
2.334388348916406
2.3343913091679966
2.3343887053291104
2.3343873728228486
2.334386821177311
2.334389457708913
2.3343869085885025
2.3343890721039537
2.334390072040345
2.334390976172873
2.334391123574521
2.3343901908576266
2.3343927187415927
2.3343921994048693
2.3343925171372932
2.3343950001975338
2.3343965508009283
2.3343983789502136
2.3344006696392223
2.3343999868665417
2.3344014979921477
2.3343977252535204
2.3343953617800266
2.334393113617509
2.334392939264674
2.3343937946485833
2.33439393303329
2.334393509381104
2.3343979140975337
2.3343994202551275
2.3343973224916317
2.334398272374564
2.334398479700533
2.33439954086384
2.33440262455812
2.334403873217362
2.3344023044190236
2.3344015973766488
2.3344001171807927
2.334397714263584
2.33439566055043
2.3343995270030327
2.334399587534531
2.3343969460900236
2.334396996502057
2.334397032319451
2.334397741006459
2.3343957137125733
2.334394327736174
2.334397553222507
2.3343972230283905
2.3343980847314048
2.3343973016911597
2.3343969103205575
2.334400570748785
2.3343990811235247
2.3344024035601154
2.3344003153929442
2.3343993651678803
2.3344016205262528
2.3344030548004135
2.33440111855785
2.334398363688344
2.3343971697348573
2.334397529934464
2.3343976126650263
2.3343996943766805
2.3343979654982627
2.3343975721484
2.3343997428262715
2.334400755020619
2.334400365120334
2.3344051309278138
2.3344052630681715
2.3344061862825294
2.3344068137762326
2.334407324574634
2.334407176583017
2.3344096398927774
2.334412648990809
2.3344117473117274
2.334409387747455
2.3344106960213944
2.334411031709953
2.334413378710087
2.334410720651991
2.334412340058942
2.334414522272169
2.334413437290829
2.3344152186911713
2.3344178652222194
2.3344179545270753
2.3344152188412637
2.3344153389803557
2.3344173934344914
2.3344137873148205
2.334414322533186
2.334412426385889
2.334410245912003
2.3344103080015994
2.3344103251919415
2.33441012400072
2.3344118811714405
2.334410433317057
2.3344087352541707
2.334410366577811
2.334412142879868
2.3344146576160045
2.3344145645947227
2.3344085773352496
2.334407015203125
2.3344068625259564
2.334403659542128
2.334404431746772
2.3344039818535696
2.334405518884071
2.334401974273256
2.3344030805784746
2.334400938012334
2.334402896111076
2.3344048986064077
2.3344045628887145
2.33440957327088
2.334412402441482
2.3344121181375317
2.3344117943179046
2.3344142734561673
2.3344096680131305
2.334408087823069
2.3344109110466897
2.33440823553922
2.334407139626748
2.33440558872414
2.334407618585316
2.334407716109759
2.3344055688849146
2.334405110669467
2.3344061414014936
2.3344084816948345
2.334406631785317
2.3344047959808645
2.3344034401458993
2.334405415661879
2.3344054562613747
2.334407954453964
2.3344090665566317
2.334409331902985
2.3344100230790934
2.334411989206962
2.334415018829196
2.334417094720025
2.3344178747150415
2.3344153915237897
2.334417275591028
2.334420115369497
2.3344162554545247
2.33441278358446
2.3344118384406753
2.3344093926312137
2.334412275340393
2.3344119915614887
2.3344093175146607
2.334410550763444
2.3344109140973623
2.334411704806768
2.3344131606866023
2.3344129876877964
2.334415664636373
2.3344146205569167
2.3344141783482915
2.3344187382793575
2.3344163537819074
2.33441749621921
2.3344152838720946
2.3344137111078873
2.334413518075362
2.334410324697099
2.3344083765255483
2.3344105729849787
2.33440854441755
2.3344087275382543
2.334407588296312
2.3344085261895855
2.3344102602675347
2.334411776039553
2.334412695571744
2.3344114439293775
2.3344140031397913
2.3344127029982054
2.334406739842074
2.3344050742045637
2.3344060976755094
2.3344069650549564
2.334404923220742
2.3344057837528287
2.3344060099795323
2.3344059737012697
2.3344062746714536
2.33440711707041
2.3344067922177767
2.3344040226716385
2.334405256508492
2.3344038459261696
2.334408067716565
2.3344066046708067
2.334408333430927
2.334410941990658
2.3344117644920224
2.334408952807397
2.334409926016621
2.334408944531678
2.334408694607915
2.3344078393520618
2.334406862780837
2.3344082510681994
2.3344090887910127
2.334407570083421
2.334411173998731
2.334413750719613
2.3344108040038396
2.3344105355597167
2.3344118065165134
2.3344103559080898
2.334410267724788
2.3344111496735733
2.334411115072485
2.334409308145575
2.3344053127188578
2.3344028541210737
2.334404933839572
2.334404934394119
2.334401938040877
2.3344046930389832
2.334409332137364
2.334410118432856
2.334407964403797
2.3344051369686785
2.334405800384163
2.3344031892260837
2.334403429313651
2.3344055229752265
2.3344036170888742
2.334405334749241
2.334406959948027
2.3344065804510907
2.3344065717846925
2.334405642998048
2.334407609716781
2.3344088682169226
2.3344104409900917
2.334410667642367
2.334409377250155
2.3344100218899793
2.334413084627544
2.334413828442138
2.3344137249210446
2.3344145783628627
2.3344129353139107
2.3344139870165046
2.334414888297779
2.3344154385556544
2.334416360454182
2.3344135053031527
2.33440890641326
2.334410565373029
2.3344134723499868
2.334413395110833
2.334409899606308
2.334409960116143
2.334414038726317
2.3344146557912278
2.33441365668229
2.3344148137663123
2.3344126253174
2.3344134753870107
2.334413208276883
2.3344100658211957
2.3344088822707754
2.3344073877238114
2.3344036273935775
2.3344022874705344
2.334403974226414
2.3344030009835275
2.3344043100460823
2.3344023157271874
2.334401383379727
2.3344029798343002
2.334402254649774
2.3343997360259783
2.3344030582672066
2.3344039084223964
2.3344044774940014
2.334405578780875
2.334405632942716
2.334407530280879
2.334408405054144
2.3344063495372587
2.3344061512219514
2.3344062205977782
2.334406494749589
2.334405725952957
2.334407437747343
2.3344070140606106
2.3344070686550884
2.334408104002947
2.334409028649923
2.3344100893706803
2.334408918646342
2.3344075718682875
2.334405795254672
2.3344034842384613
2.3344062387358484
2.334406054302315
2.334406165231152
2.3344089904838774
2.3344100429085106
2.334409446482581
2.3344097478471513
2.3344110986300977
2.3344138588566152
2.334413970161846
2.334413091681744
2.3344134277377004
2.3344119902666645
2.3344108993684536
2.334412886058067
2.3344130418846603
2.334409715674061
2.334407396890322
2.3344059513334248
2.3344051577395586
2.3344075175684345
2.334407188676092
2.334408432258973
2.334408429924225
2.3344093696806176
2.3344079399554887
2.334410094224799
2.334408285218308
2.3344078725205226
2.334408137976772
2.3344064868011714
2.3344065752623697
2.334405411185839
