2.55286738277268
2.5676774593257012
2.5553422498197973
2.5035741304320664
2.499215249189586
2.539725171348775
2.528598841735712
2.4876230934494723
2.5282823529219773
2.546668547791752
2.540629478687412
2.549724591307615
2.5342515738291214
2.5091147407062078
2.5093952149386
2.5135259220519286
2.5245114300202056
2.494425701397118
2.5306839570342983
2.5439702945539406
2.5560860011289326
2.527659300952983
2.5734799218224294
2.5803238493141314
2.5805341955205536
2.5461052042034296
2.5655917091733174
2.556202124663654
2.537394523225525
2.562721994037602
2.5782609375634418
2.5708024851379045
2.554987653290031
2.540862812216824
2.5596748990483227
2.591992623426367
2.5915024895670506
2.569913109795002
2.564168941155003
2.526576466344807
2.5233090171507264
2.5096111318215777
2.541715623853787
2.564708242655458
2.550268667225097
2.565547685849338
2.5940582061101414
2.560895397908275
2.5469838467975836
2.5577424541130807
2.5894908685552136
2.645782455705385
2.654251710661443
2.668302358022599
2.6794468725042324
2.6507922130478345
2.5693574599013598
2.555481200202267
2.5570635635487777
2.5543316984870277
2.541990870546625
2.5234541192795557
2.4856367976225964
2.4868778001731786
2.4946493227892983
2.4894681773192597
2.4692032031119577
2.4617892675433555
2.482188529174069
2.4819095404784424
2.47748026541539
2.459233927921787
2.4519257319531023
2.436398264468712
2.44512694740876
2.455707935909439
2.474789776305488
2.483412032178547
2.4468656385048306
2.469208726403664
2.461945378363285
2.490902391438535
2.4893238059244047
2.5025688208726424
2.512287821920589
2.486650216599158
2.5250698870306074
2.5092238506047226
2.4957766258488054
2.507577348624172
2.5068207966087335
2.474310107366275
2.4548892192678906
2.451978140843481
2.4538029979849147
2.4717844479578894
2.4938025502308165
2.4938577259123615
2.525363965117468
2.5069812182288245
2.490116855849414
2.4821393238113303
2.4791952576585388
2.466095424068825
2.4711869225601117
2.459713169134157
2.4766656061268497
2.4785689463429716
2.504198602068976
2.545386750098939
2.5508255720355764
2.54553875428154
2.4884346138678746
2.510765842798829
2.495154129058705
2.465796692130139
2.4560089503091254
2.4444801473243385
2.425348085029513
2.4160806129861823
2.376339954364702
2.390183856128587
2.358339393738229
2.3498315821437785
2.3809272112578137
2.408643218393507
2.402106219381468
2.4290416950145186
2.4601635230508037
2.487989830705845
2.5064313184626257
2.479793698828164
2.465681124086818
2.4852587556375396
2.4939887859594547
2.5104218210513976
2.5104083028975195
2.518444147377028
2.5159225621123205
2.5259232653518766
2.52050581024237
2.498516053426721
2.551806851083679
2.5881506912760988
2.5909174629790614
2.5695872173084293
2.57900321908926
2.5814241252670733
2.5759893025011666
2.567474497493623
2.5536419438029165
2.5343354879642623
2.4970651117421596
2.5018908168768816
2.5102948297611993
2.486813576069872
2.4841872473273323
2.4829499856236685
2.453362647654707
2.4890313249883715
2.472954124115644
2.4998031371113534
2.50838871996165
2.5180731888979313
2.523153217594468
2.5039221357508845
2.4983675710717446
2.5092939068923164
2.4654304233998885
2.504412735969945
2.5308589276495708
2.5677302208099824
2.5846909444601813
2.581846296640478
2.583186504684127
2.5981807967925685
2.6226733150060246
2.668261496342275
2.6621047199947467
2.6555200044226197
2.6297335373387103
2.6277890976352496
2.6223339423939445
2.629694523346765
2.6245111998131625
2.610617175378059
2.6157317960311866
2.6377915763317383
2.653634254726377
2.657549318137411
2.6673130218841523
2.671867226099784
2.657763373260864
2.6492626722902077
2.600815717859645
2.5727249868182978
2.558790717688605
2.5543490931223247
2.5767704318022506
2.593305874945879
2.590633250520972
2.597970899369296
2.580373362701797
2.560049634085524
2.526946895890127
2.551526365788028
2.5461117014497057
2.5422804546547875
2.5352484809289315
2.5290377509217357
2.5372596061581225
2.521393960660739
2.4786680770386225
2.4736542005201114
2.4492335692813576
2.438178741993138
2.4384611080729077
2.455606594743975
2.4714861552257457
2.452407491544878
2.4624046904052377
2.4563194674816233
2.451181139256603
2.448290248436204
2.4482297731349876
2.4663516694328314
2.4518347364887503
2.468622466424672
2.4645780286617587
2.433550957461014
2.4294120738845733
2.411655912270695
2.403631613412591
2.390111632465847
2.3855156404917315
2.393533856338064
2.4127849452563033
2.3894041823793972
2.3462908994810605
2.3354081145620835
2.304365195340308
2.3065919704485736
2.2894878948174875
2.291592562290699
2.3203813216800246
2.368405644320977
2.3770776642572393
2.3615296589400985
2.3713590225798833
2.3734367060575914
2.3965266754310304
2.4297013080232013
2.438037760101744
2.4188143049107143
2.409313801742693
2.3819568337687453
2.3851202093944712
2.3901923191889987
2.418546765598562
2.4143968133825684
2.3931883682622312
2.400211123770543
2.4041330557434577
2.402028051038867
2.401963166072868
2.3685546694001762
2.3864394673276816
2.3539000783568755
2.3989429925970884
2.3822917640145134
2.3907753557129245
2.4241969791147544
2.403422381353467
2.431131059889653
2.4361540723823967
2.451547900661478
2.4437953140665054
2.4604837336701686
2.498663067008794
2.497043001810968
2.500719841285721
2.4952691795947235
2.489154666462197
2.4733216061023966
2.4698901571277263
2.448998012218393
2.484836548154267
2.4453738932153155
2.459906207769408
2.463219572252605
2.489055143470451
2.4580272020651717
2.4427646773680554
2.429404922933167
2.4304491045388756
2.4491024606362086
2.439989715617696
2.42346435908377
2.4230415098299383
2.41389003129236
2.399701853032109
2.394321765459928
2.3845257887236313
2.3939335260278587
2.4027083971555534
2.389882273017807
2.39854199390148
2.4116359509522614
2.423351080998776
2.412177511062767
2.4127228731715005
2.395406828504929
2.395357526214087
2.396822477697514
2.401015397342745
2.3911991559122896
2.3979080297135145
2.411387375295707
2.387505646002535
2.3526443764269143
2.3569595725822268
2.3491812851321265
2.392661690508931
2.4244403697453043
2.430441191268093
2.409464297916792
2.3856569161577257
2.3781567780572743
2.3585607861553735
2.3472718628324447
2.332761226982038
2.3238837866052586
2.2999680062544763
2.2970479594393933
2.2975528777949075
2.2975361263922456
2.306204677334542
2.3032270119086737
2.303760478883156
2.3087591639956617
2.3209975827809193
2.338728703140425
2.3117639628943296
2.317088844515814
2.3080948780097192
2.316157911304134
2.313742203938249
2.3033395304159914
2.305420183230414
2.27605180097824
2.3011546304257777
2.303956910036265
2.30140544043679
2.2907128978532185
2.2511386432365024
2.251429401230257
2.2491390144988217
2.256770106983474
2.237302317377765
2.206125530079502
2.1938135860503967
2.1609265351714493
2.147819166523808
2.1288161994246866
2.1446061108886463
2.1779285855995587
2.181921785730975
2.221598766852139
2.2277353946386453
2.2376401784037494
2.2571351744826993
2.2563312819268218
2.248263941395649
2.2730272607525084
2.2690428736046346
2.2673407237160603
2.2723563062147694
2.265444534368367
2.2903666006617946
2.29966243306287
2.2993868711932643
2.2917467270187135
2.281098666254105
2.299561843088131
2.3221185258347155
2.3261034367970415
2.3409397565768284
2.315308841675626
2.305143977172834
2.3096231754858043
2.3099924864320465
2.299141829723344
2.3170052351497743
2.3142164042127464
2.2929802580047123
2.2540581814689293
2.2751789336287946
2.2826272223496393
2.265814251466939
2.2635597284106255
2.273785152194454
2.318195679476191
2.3070543053364174
2.3138593107176755
2.286007887802713
2.2710465595762264
2.2736854258599655
2.2761728814478004
2.288409889138537
2.288948871491829
2.2698855768441906
2.278048449467976
2.2657043482639048
2.267251754821087
2.256956133953031
2.2555058623037407
2.2541622058054758
2.2706013181006366
2.2682783980703025
2.2527751935758205
2.246204714213502
2.263349023914603
2.265721358866919
2.2801332576423774
2.293890307496077
2.27369209323344
2.2710429813680313
2.237910037889709
2.2152614301689266
2.2116856514122545
2.2361142832498966
2.2265805984102465
2.254521987087097
2.2629876456616387
2.2610981367001424
2.268074670068388
2.2854601599967848
2.3204519741936127
2.3322338119053385
2.357612593353611
2.339736706924404
2.3634007007281435
2.3527362712619633
2.3593250549784326
2.3676793726526686
2.378471504669921
2.3711328384102246
2.3476272698232714
2.3429274727929394
2.337151874368612
2.3204730678368657
2.3256473548660193
2.3199197173241526
2.3337710975657453
2.3078395718985667
2.315826608314368
2.3382676555783615
2.337358510642307
2.3574834659454806
2.3384951533925733
2.3443726356286465
2.3541778149875485
2.3480567124615375
2.3300032701512556
2.3450102181729635
2.3322556842658844
2.332887288321955
2.3516231238350866
2.3501858066452237
2.3470520295673176
2.35956136160467
2.406150170936856
2.4208938667005455
2.422722909344321
2.41667654649476
2.427650069936155
2.4170181906353005
2.3999558131570358
2.3974930205358653
2.366068477868593
2.346354601095951
2.346459107173873
2.3330634792069604
2.3153572706716337
2.268606348254835
2.2502675566418215
2.261286323487392
2.2042238172596957
2.2225125865045974
2.198707633575817
2.1849704103097656
2.185790272092981
2.190407346080238
2.2092915843477443
2.197062170418194
2.2000669638487955
2.197082022756032
2.1976273427888846
2.2094433566362373
2.19725622470878
2.2085770673151908
2.2321159356957234
2.2365056437591697
2.2751675739632033
2.3117035650373428
2.291701634845599
2.286098976337724
2.285338670879062
2.27685796160958
2.3162196236802983
2.330577104247518
2.336817086011187
2.3519876312084036
2.3584951973235295
2.3611106886228113
2.3617355153441038
2.343416768545732
2.339747859131954
2.3005904784966287
2.3102568986922196
2.3476342685043523
2.3530893626215286
2.3297023532752017
2.3492721480414636
2.3193094054304435
2.325720850258538
2.298596904673562
2.3197204144950865
2.341001192629027
2.3597329821841173
2.3465511015612504
2.3219253719640593
2.286829778505307
2.285724543009847
2.2766519241051264
2.2615908728372047
2.3140894134362973
2.349329093499018
2.3752585612046397
2.374603335648302
2.34431902950918
2.3409682678489876
2.3275798968365695
2.3729581282276815
2.3738086223198183
2.378260376809156
2.3500262705774193
2.324556450451023
2.3278773428689448
2.3428430043580106
2.331515427491784
2.3637638604954363
2.3953582828272295
2.401564665428417
2.3943252831052213
2.4150466956529795
2.3990756221521954
2.3859319433542345
2.368184602717897
2.361484614732855
2.386097096706275
2.3720112461032032
2.392944073606514
2.441202489665253
2.4606734035749653
2.4459471084956457
2.4543541891872156
2.4392965875319295
2.405705631390663
2.4173558557856833
2.4076201446281207
2.424036837319858
2.4315261922795095
2.389667088286377
2.401788139604171
2.378631464812351
2.3782357904692146
2.3944933379962037
2.3696302540390373
2.3813362934931623
2.378458129666588
2.407328396433312
2.394414465500118
2.392694273896524
2.3771584046602006
2.3873061327996807
2.3761999382249672
2.3889707043819834
2.399216037062761
2.4373642994544924
2.4290605608883427
2.3988243160830094
2.4234755177333334
2.4130346220880914
2.397070362262868
2.379762786082416
2.3614972189167602
2.347378552629548
2.3605078350800897
2.360119052395681
2.3601983370068105
2.3613711019828165
2.3522681689370706
2.350102890941689
2.3600894845316676
2.3476367913396246
2.3100473970833346
2.2975387172967308
2.288117136428529
2.3441991288634676
2.3208326412609375
2.356743776962789
2.349042365077715
2.3513896230898
2.3678712005995495
2.398535694059452
2.406286227201839
2.406642098701517
2.423846672811371
2.4327038231350855
2.4410125763082133
2.4245846333456127
2.445475597134681
2.4352269168084137
2.431544188084448
2.4347185116617487
2.420933935989005
2.420510005452108
2.4102598046494172
2.398997399623801
2.413122795254124
2.3963079975481687
2.375664029262015
2.3885943954777087
2.3711521683626997
2.380558393291918
2.357522194639115
2.334556296871792
2.3284310988257526
2.3499843809327277
2.3652221802625735
2.3634484861791774
2.3455982995785196
2.368048354217011
2.3701382494536354
2.3658515141432446
2.361668422847049
2.363983970616646
2.352412406584683
2.34658225817873
2.3308217378007856
2.321921868434338
2.34051247063268
2.349650220481258
2.3614127794915243
2.374277669970458
2.3877403210091646
2.3828162709768974
2.401064913595492
2.398267783411915
2.3869381310666964
2.4023991482274654
2.403773968717461
2.427370918273967
2.451634815654327
2.4136316120979764
2.4023298482510222
2.413004864048839
2.4190239130222997
2.4128978813208244
2.436026034080077
2.3977575696018
2.4130621777981
2.387905649598453
2.3838051077292053
2.388785590643785
2.4024746745533987
2.422473292902263
2.443383861136503
2.4352256912650456
2.4047045416167427
2.397568464752393
2.390669954572005
2.408468105659303
2.432007243211732
2.446573264390728
2.4536826153995968
2.4205509588186866
2.3872875490150776
2.3912652741459373
2.360430353584972
2.3842757929630234
2.3884489247019243
2.3869502852313853
2.3895497847680716
2.389864591193209
2.4040090063014974
2.3804810210600875
2.360407310548449
2.322036465054776
2.3252552613901125
2.301114029727648
2.2911619747601613
2.260260466209445
2.245928306347633
2.240167250829702
2.2184744824055485
2.2145055546841252
2.2542321123264455
2.2566531088251742
2.264079357890997
2.2634844317324463
2.268167911598094
2.30490473922238
2.287335565152807
2.2942700595090866
2.2960002140234876
2.246756642413836
2.2480849302027766
2.204387194003393
2.2090958201679527
2.2130357548517017
2.1981466473601636
2.1883372705279434
2.2298047789942372
2.248158220683709
2.2542374988944283
2.257346722270868
2.236410681273859
2.2354710893456224
2.2163455351056403
2.2312108245995996
2.2325135352754897
2.217898848761791
2.1845442523234397
2.2011206444717915
2.2247003882928906
2.2739124157681108
2.2918946076103457
2.2898134082692416
2.3030362619424607
2.338250036188068
2.3308297334676435
2.3150958701607216
2.3153472613403467
2.3063844964485174
2.291667744930305
2.283918510681822
2.275899060053177
2.2970225275985423
2.251237614243737
2.251499732340563
2.2420537842910195
2.2375683523822585
2.2352633913387847
2.2554455069169124
2.243280932084755
2.283835215933186
2.254311987013355
2.2764875168729923
2.2902377938696645
2.3190703102939487
2.313144215203072
2.3193127022380695
2.28819711515337
2.310018197669324
2.311384677567368
2.336945748510421
2.2670326224394897
2.24795062544851
2.251535004145446
2.250486798484056
2.248242683432307
2.245228890366355
2.2685390610694456
2.2880035925788347
2.3114111255140637
2.3074270365475584
2.294252574542951
2.287633830024667
2.292404426565925
2.2784672378422575
2.2708442640948014
2.226970863162908
2.221786382173621
2.249430160286895
2.267093451720357
2.2667093082789904
2.2581495518108357
2.2558751344134285
2.2665895740966837
2.2461911652761866
2.198001432857043
2.2137199135004733
2.2123633391375015
2.213510244870534
2.219463329308139
2.264064846213467
2.2864311270298017
2.3037096758029993
2.2819411048104326
2.2643810707879344
2.3061360956571235
2.333465567935011
2.3524986489208493
2.323757953739388
2.2924147041039724
2.267697618768553
2.241186751129418
2.2657332144457083
2.2790738934542043
2.3145420823276126
2.3402821238809386
2.337259936040066
2.3429028399066705
2.339279509297304
2.362971828725763
2.3745082705934086
2.3758288491652344
2.3549296931368064
2.3913463553751395
2.3605674287829994
2.357721181973842
2.383868099783553
2.379609003830064
2.390241134023723
2.3653453764961614
2.3658667712450727
2.392949095911219
2.404963457329202
2.3857853959614994
2.4166861736510916
2.394776011363001
2.4001842216118443
2.3961049855751977
2.3958611734817983
2.395135364688571
2.3885244441382607
2.41842885813715
2.415997491571278
2.4272147435762625
2.4023840174992803
2.3761734226784723
2.3583525509641845
2.3493636347409974
2.3704585467452652
2.396575142763921
2.4028035043559037
2.3984043143865525
2.35679810893291
2.323391220880464
2.307739420276203
2.3600328523577367
2.3719177159659055
2.3822943437892103
2.3907088159028995
2.3997404848227695
2.379944492424436
2.331248961184535
2.3601581960951514
2.3734289392838765
2.3816717198669344
2.381967293133093
2.36879815505017
2.364151689808869
2.327038428916411
2.3305425103518815
2.3285656518975237
2.3564739373377375
2.3912895885051766
2.4020423401952
2.431254511904148
2.446506620723711
2.4066391789504333
2.3822859463721238
2.337861811746878
2.3598148654233526
2.3467434087327246
2.3571484055218455
2.37696681149167
2.3840382496748753
2.4111104189436245
2.401914922740978
2.384701554461373
2.376137548301465
2.343323434625969
2.3718087192471597
2.38939625756386
2.387058303071941
2.3932727132508873
2.3734321926214332
2.3684839017139976
2.349457683894071
2.3592097614272776
2.3849868776280094
2.365878550964163
2.360734905043102
2.3839402167795996
2.3378439652456353
2.34759919056396
2.342897124972303
2.338424827986863
2.3230780098802972
2.361411051923115
2.3728140274924843
2.356557947171939
2.3736215191589145
2.369940943554573
2.347452263009758
2.373123563398501
2.3814335437364913
2.3711019831301634
2.3851327360346706
2.4052491362546173
2.3986412240829154
2.3809981752842972
2.3554199987540927
2.3796310348188245
2.3899271786203062
2.4113782406977213
2.3976585054892086
2.439566946158383
2.4355953411805045
2.432711572470049
2.409799612979406
2.359990650076326
2.386646657404668
2.3729159063696996
2.375362819726899
2.40015444713428
2.420204377973941
2.42147339386807
2.4311294056751644
2.4239471608363234
2.400041393976392
2.4165879518652593
2.418413880243943
2.419371130666884
2.419320349277017
2.422056839595254
2.45546979841283
2.502283898608469
2.534248383322555
2.545691560882163
2.5385429560786945
2.499829550162944
2.4887043749081412
2.5031851339114835
2.4920283001525156
2.4797741386582937
2.463917129318635
2.4423907460201715
2.4316119949717185
2.4142230644573517
2.414131200956473
2.4271472009650488
2.444378291776441
2.45728813911527
2.4541343831086633
2.460044561231025
2.415821799381895
2.4072521743216444
2.421320491036755
2.389744033576638
2.3703290885599086
2.403242243910767
2.409587523070025
2.3970501213812754
2.4054355772077556
2.402989635807074
2.3959370724066096
2.3643424404832256
2.3280009593630107
2.340524743345234
2.3414360184530887
2.3160122398696825
2.319282652948299
2.323531862801526
2.282174179862368
2.2484260077827516
2.281557267767537
2.275431613111033
2.289971776355356
2.287176067971097
2.2760355517910975
2.2733183503246948
2.2710643145716265
2.2682636857791123
2.2570005561052002
2.254151646513179
2.2804145517186027
2.294743391032426
2.30144880499824
2.3213625723110787
2.2965855047273007
2.2584730529494896
2.288303837655842
2.281339079371748
2.275002340214489
2.279747627303856
2.259602383892922
2.244516407606315
2.2443109283379297
2.231638539524873
2.212039941792732
2.231574914114346
2.2443246047133516
2.2308105114516965
2.283186964447926
2.2972572765602575
2.3134819053999354
2.3314163615895085
2.338504950945943
2.340763696114505
2.3421619325502157
2.3410038637985773
2.347342739753564
2.378087508024023
2.3882816928477237
2.389596421551958
2.405927159640237
2.432620650539724
2.445848238306966
2.4158450490348633
2.4119189657777307
2.4002465681784764
2.4045370404031954
2.393892861959681
2.4106664342814135
2.39500245188021
2.3919993606417336
2.4150517750170413
2.410943918016726
2.4100518858145374
2.416649818212511
2.414788782342323
2.422354467345994
2.4485723238783588
2.4744941618062533
2.4813563425025684
2.4664941129327644
2.438314284588271
2.429540936188444
2.4494298071855356
2.4590853336538174
2.430052166498176
2.426355200005961
2.4170746587673273
2.415662454222367
2.4082490166906494
2.4081730529733805
2.400298769197398
2.412058766166426
2.3979585495286493
2.40339806760645
2.411065098674194
2.431159385495794
2.43444651542393
2.4044451602900136
2.397848204094443
2.3974276573143816
2.3669063789089755
2.358111302876991
2.3572841913238944
2.37616044411864
2.3735906033961665
2.3939680751046586
2.444250921342914
2.412515371772328
2.410583849289511
2.425956569718781
2.4125768778905523
2.4030033122981047
2.4189294698020567
2.405196696394751
2.411283834505984
2.377154467237776
2.412558956771503
2.3522453559632384
2.3558340093155783
2.3544416796214502
2.3450195872658073
2.3162041623062954
2.3116380518896906
2.3050755251008166
2.298517213558382
2.3009551506395454
2.289325877977948
2.294325457899964
2.2976233547389304
2.2970348666962663
2.337078325743255
2.3285776471798196
2.32033700864257
2.2841996171837584
2.246197054488458
2.234142035872585
2.270399215985215
2.2741607926208043
2.2755456152215947
2.260366624909779
2.236100242750102
2.2348965305177173
2.2264606131051017
2.207086991129167
2.205442414567907
2.200593838301293
2.2355506992959415
2.2507865689095645
2.2285345068312985
2.225589927756074
2.2232140747587885
2.216529383024184
2.2200563792402703
2.2095178888619453
2.2267278121493543
2.230253007147505
2.2577426932655986
2.273202761787992
2.2756285479270923
2.260270985203427
2.2474737102707767
2.2515245526196557
2.278767273954429
2.252235280448866
2.2768055821619915
2.3047492165561065
2.2817210994988355
2.314603598654404
2.3022585425100193
2.2802905145142045
2.2691697703035576
2.271500818781333
2.264529900220399
2.297158859396297
2.293672854831956
2.307349080003815
2.290918130945396
2.2991646473881953
2.2855074771701216
2.285206180984346
2.28115228141521
2.2675450983050274
2.2897949742869703
2.290292020234277
2.3125507254924047
2.3098649490966476
2.3238857408745908
2.3061810995747134
2.341390006597632
2.333810595369857
2.3225988767999053
2.3102228263032667
2.329337463128955
2.3450245647427796
2.311334290345644
2.2942513810243357
2.2702007008718166
2.2764986912052327
2.2756239761031636
2.2862952485249166
2.313837384271051
2.328856662250473
2.3302360486721567
2.3341236069103743
2.316717007426626
2.316467712823
2.3151332378435616
2.2895921017290184
2.256479578721834
2.217999677416528
2.207264841699317
2.214455970219796
2.206840954226885
2.2232836696072913
2.209614160747681
2.1911474524123045
2.1749000154147042
2.1824848410993853
2.1943578636425283
2.2087257257291135
2.2047341744693894
2.2191640457136885
2.2149081661709022
2.2328570133279464
2.2297216950619543
2.1833413251669556
2.2133154744475827
2.246617990362778
2.2551661214673073
2.2594216987774245
2.2483272192101715
2.22084224773919
2.209609403361088
2.233402749659055
2.2297229561036893
2.226744851383547
2.251203084680642
2.259690949740657
2.2526589699004043
2.265755258635828
2.250443938381729
2.248836101883127
2.2586000959186543
2.2756825778291137
2.28225710956513
2.27967852814817
2.2981762899707943
2.3188968202280553
2.3218054173958267
2.3089879286475377
2.305371646232299
2.2868719687109436
2.3127175005278966
2.31769664511278
2.324050372409165
2.297219756534333
2.3133357513116684
2.3290552815349055
2.3266591205000378
2.3094604191210597
2.3431990043356463
2.349804948342375
2.3650485715989364
2.3184738783057934
2.2865488072902225
2.2769103568962383
2.2833653049332963
2.2923605949103907
2.265548765409825
2.2261303882863954
2.2210204524141854
2.232656523967297
2.2400647616946725
2.220332079563029
2.219352974195351
2.2263402239242436
2.2428974933170718
2.2810950741351235
2.2511965820319646
2.2443354825720294
2.2573745291498755
2.2621760755843137
2.2830615701240453
2.316809166635549
2.365138984659004
2.3554382318600062
2.3391719469561325
2.3004245943895665
2.3392035806587423
2.319711171906055
2.3208227503510117
2.291524047128465
2.277299507828245
2.2548869457477836
2.233167948278496
2.2541294687041895
2.2575924787734367
2.2375372949606915
2.2729568697886586
2.3005243704914307
2.3240325653207536
2.3464721065330263
2.34503306965602
2.3219552605883083
2.3385872665920697
2.3462667597773508
2.3306196309194216
2.351163570147668
2.33017049226924
2.3631042512733793
2.365473643356233
2.3680261603478305
2.3951946005371156
2.3785781226886717
2.378549034629953
2.389526118185691
2.360345237539425
2.305035224342572
2.3233104282860935
2.3260784598780875
2.3103733336494785
2.2973155660648685
2.263231402813701
2.24120980681186
2.235465503914405
2.2094483120464212
2.2266315459789547
2.21558143620925
2.180836222321922
2.216609808637656
2.2386779141032482
2.2444606704142864
2.2580300360234276
2.272022292837732
2.2759077215385948
2.277377848106747
2.274678925465932
2.269395729423507
2.2849799056670403
2.282390140289505
2.271710534521987
2.2615327829921954
2.259555619260913
2.2650891830493767
2.2749753344512196
2.243004006352801
2.242285198534627
2.2672735834160447
2.26842970045358
2.270492806043998
2.285336564788756
2.2883826722083316
2.2891686762145196
2.285112865017961
2.2866982229492567
2.279247760186186
2.2826419789094614
2.287192497749538
2.2635325429329467
2.2851709822436495
2.3108971974873236
2.315997573638847
2.273535071920969
2.28108505223543
2.287375795706455
2.2765712396505258
2.2808457204830352
2.2697184449065886
2.249737541015771
2.21341913235887
2.2127094336910758
2.2223152242106536
2.2421103089440204
2.2536288283172268
2.2033580502692467
2.187754943895368
2.1853866326475777
2.203854579446835
2.218199742959322
2.259053397295507
2.2536894103115817
2.255612579358783
2.244762051488445
2.2537520647730416
2.2544377509394855
2.2535471055669634
2.2595288504342674
2.255134964025906
2.2581717185753067
2.244456013920181
2.261181349488628
2.246545677436689
2.254968265426624
2.2822013676100115
2.281093943043614
2.2450342879157614
2.2679391465071124
2.287896042409218
2.3028442396497044
2.3002119348467462
2.3264238675251234
2.349552090807056
2.345007166341526
2.3545010838469485
2.3579409141424517
2.3492434563070765
2.379382074748786
2.406951626222476
2.4059034939583386
2.369644896433953
2.3909940925795143
2.375192230141437
2.3641832960082314
2.3801400051581094
2.3848111348960517
2.4009749448572317
2.3868818708215858
2.3720874577704127
2.3468649750807287
2.355736541410325
2.3708647787294996
2.405272958046648
2.4062149726516395
2.388009713770755
2.372208839374806
2.387255021974038
2.3734037985080505
2.390129583449501
2.3752276919655366
2.3824813288808486
2.3781516240396736
2.357326562653153
2.3665661351737572
2.406205833393379
2.432453332081799
2.421927861347778
2.4223794150243934
2.433459444439325
2.483602739927909
2.48648546813063
2.479640238871841
2.4644772624902065
2.4229470745712316
2.406438297767869
2.375179458077275
2.397801815834492
2.390459304053327
2.3737411927678385
2.34734902584037
2.3375626249354515
2.3491902788664976
2.342906280677781
2.3696754770033213
2.3404325232860277
2.347923271133922
2.3740768807360157
2.3480415626018183
2.336925750541018
2.333552303751726
2.3145697206155895
2.3065135788685387
2.328380234261667
2.3312789208928533
2.3081105765913863
2.296856640253443
2.304972041252886
2.310666590372474
2.32723035709792
2.3393206206790387
2.3242106324585023
2.330357919667909
2.335168320742731
2.323033459455581
2.316837045555272
2.337228409140392
2.3413426967129514
2.370433822138121
2.338459392110556
2.3448543495298173
2.3346359689054816
2.3327766052670538
2.3313821898373277
2.3183163972667846
2.3203956672648984
2.300377303767734
2.3593746309543113
2.3605088855423957
2.3626957839598615
2.3462678863586275
2.3597680730998225
2.3760002098692086
2.3416333515732246
2.3884380632441546
2.3606999007618636
2.3392434835740072
2.3314080827665475
2.3194624577030423
2.2896293178743146
2.315871515410187
2.308220615222759
2.3045650858344557
2.2948383072309335
2.3086217617967404
2.2840023847488764
2.2858067505376587
2.2460384226015813
2.247791757629655
2.255026362416147
2.2643248083377316
2.2674647761137896
2.2565105803383765
2.2586253068674833
2.2755207249894776
2.2910447900792463
2.2951792270043785
2.280834103659476
2.270241047929092
2.2726634168624438
2.282815438377535
2.3176099496957034
2.2942469235975382
2.2940739642812527
2.323335516425971
2.3242015212865605
2.29868732403978
2.289574719148338
2.29003556340721
2.271198317712217
2.2611852197116815
2.2699653925138716
2.2635346528273477
2.2481769339585878
2.226014401495185
2.199763018160781
2.228640167685088
2.2360067563281425
2.241399695454116
2.251785722572656
2.2483372428327324
2.251718524569429
2.2529746708750156
2.2741029830320403
2.2698088150237306
2.2400044304601923
2.250948387064601
2.2613380644550336
2.267614904871151
2.255187221442527
2.253530030874322
2.2714717223447156
2.247839095949466
2.2271695885376532
2.2482397130728757
2.2555414299569327
2.268988912242825
2.263795669312581
2.2878487150264775
2.319108801992807
2.308292041744875
2.317112147806392
2.3306255686500794
2.3252308785072193
2.3239611317377227
2.3324947913185756
2.353465698658349
2.324740674481653
2.273109106309228
2.2667276738612343
2.254733419692856
2.250774947595117
2.2658639047301867
2.2828428557335823
2.2979172098922835
2.291441033842772
2.295004242768785
2.299994367768063
2.3242231864573206
2.3377049611162355
2.3580792722380455
2.373126464886984
2.3588052293871873
2.383699142479848
2.404698087550629
2.395042332309964
2.4058639149152357
2.4138002989493303
2.4217671759605794
2.399531181160174
2.398623004337511
2.3939932492643474
2.406244022242182
2.385371462485027
2.3680320684629566
2.348086925880014
2.341318590321543
2.3452533275151968
2.3670774701373323
2.3725194042541813
2.3743493007442473
2.3285950557998407
2.3211151009734943
2.3246002173813873
2.3398498656554705
2.3111076960028925
2.33059728637751
2.334083127418284
2.3324485790757357
2.350665615891022
2.339446662056814
2.357620439260848
2.339508118313592
2.360112313067881
2.371194138235441
2.3740672209013294
2.3468663781859185
2.3316772386258604
2.3317752816822224
2.359889510797963
2.3511021484690295
2.3421603486548492
2.3288957901132363
2.3202605776429834
2.353399404096438
2.3073038021547823
2.282152947228483
2.2765696163608524
2.2684733767614125
2.2750937289393494
2.288265398325336
2.2990628333081395
2.2858932997199415
2.307653667683634
2.307410584715223
2.2693226581061143
2.286640632970973
2.302326894394333
2.32043419138487
2.360923818069875
2.3789822148770883
2.3699056384733495
2.3946635002058376
2.3926445078822605
2.3682422485075723
2.371830071472195
2.348230800190278
2.3460432733859715
2.3388115975846104
2.335290664389577
2.3323480391462255
2.358208302805947
2.3759809302873913
2.379596051972593
2.379460502183243
2.3755830750783713
2.3924461914674007
2.4179694275494197
2.4136906869479544
2.431985809597638
2.46922387864417
2.4511883758275834
2.403190894693987
2.3882892671847196
2.392507125971356
2.4061394222331116
2.3860812220441585
2.3870166210569432
2.4377510491157506
2.4416619076585433
2.444666870089993
2.4093011298409714
2.3982331911783477
2.3773539813705487
2.378303236736896
2.3604799823867584
2.365252120384841
2.335496510442058
2.3194205488580404
2.3615693187803233
2.356006131334806
2.391829790762997
2.403585926661835
2.4311330791905292
2.427263738270594
2.423020582484745
2.416984104874623
2.415803657864261
2.4314006533458343
2.4425574094195643
2.467908663401568
2.4408904064436805
2.4732201667324
2.458266098353884
2.4536751282962292
2.4326356942200285
2.464248155125564
2.42706458907514
2.4065099642001013
2.430294772172501
2.4199649996448507
2.4165958700163057
2.4098566548727853
2.423441900688994
2.394265319528149
2.3705618254632537
2.36350706856028
2.3591779920931373
2.3441664983985975
2.3430163714117933
2.3493420908029843
2.353894086629038
2.322886931231507
2.319507379892136
2.3798222278068817
2.3770546466742384
2.3699318352022645
2.4129326879183983
2.3891368041508523
2.396118597411756
2.362028631770765
2.3525314881378256
2.3523249001231266
2.3507604156191797
2.364129543424713
2.378359793509741
2.3872478550261143
2.3629635970449288
2.386600257926324
2.4149722394884767
2.403631117010968
2.3720023275289077
2.381474866694336
2.379772324896026
2.42295189191896
2.4386348570251664
2.4288532638688713
2.425031758769619
2.449248917512279
2.4519402301433635
2.4248380364123348
2.419375242838051
2.382192804121807
2.4051161487824353
2.4139468421341275
2.3821760348411285
2.3783899198777503
2.402076275843176
2.422737391686627
2.4388454794986836
2.4320276583438005
2.4055365421723534
2.3933214700947882
2.415174406620748
2.4305029772336586
2.4133157503561007
2.378738037540108
2.354635878507406
2.352295876658059
2.3762325146627625
2.3739012383742932
2.3875397617236738
2.3931225038682595
2.415254913136405
2.413132573105974
2.4064488431880138
2.418618833697903
2.3905918869325578
2.405518986938119
2.404850232260046
2.3830753865913836
2.3920289679195372
2.3638582036924514
2.364846214141991
2.3697703447198455
2.3686123539344095
2.392542558818057
2.3950831119184945
2.40062952524209
2.351961063386765
2.35148287684528
2.3394153728871667
2.3530205834969986
2.34737651819775
2.3501685035090762
2.3409902286486464
2.3809305710446154
2.4143763786328467
2.413436329370195
2.410528789162847
2.4174065956881243
2.421172706620377
2.41151532682238
2.3979862641017133
2.3897886759900513
2.4028312618460492
2.423350505227435
2.394890374803002
2.411450611980955
2.4126913536638206
2.4110450648769493
2.395802985043663
2.382029241742492
2.3795197531746384
2.415470637589159
2.419841905967492
2.450353507765918
2.4397779078166204
2.427667194091742
2.426672485830603
2.4226045975412935
2.3948998040122667
2.3765125106353455
2.3885405614833566
2.3787113765105383
2.3816886482932813
2.3808846756308206
2.3865996212092853
2.384858454273069
2.3905001504997485
2.3933159301039115
2.4119211167637413
2.4370809184538853
2.4299567953378585
2.42582307283665
2.4034707089709815
2.414115745620125
2.401284514841278
2.375421596620519
2.3782130016581697
2.420350908688211
2.4015873042647096
2.364358075305249
2.368705922261284
2.376010479993755
2.394692337841498
2.408365049488182
2.406834083415274
2.423661740709802
2.423094598986815
2.434436614115531
2.4842429898547658
2.4847266873129112
2.4585363353895144
2.4633654363797914
2.4032063009496354
2.398122430599251
2.403486893874388
2.4100869133288856
2.4025845176703466
2.3805121866626044
2.403266444275423
2.417232409109741
2.3962183465826152
2.4131582656573576
2.4422319176198553
2.4689233355325175
2.4597382310474485
2.4730325027171745
2.4841852448980064
2.4812552900543796
2.47437375047197
2.443905022433329
2.455863988603352
2.4975812583367496
2.475658871987825
2.4763583423530307
2.4652288031238974
2.4446580098747943
2.4348912060082677
2.414366170040524
2.4053900599580924
2.415664811517197
2.444057430865993
2.4502696215059787
2.449890271373307
2.441278724649858
2.4142494103460215
2.4109747872539735
2.4006359873002676
2.3919181361765673
2.3845986583387053
2.3886098881492224
2.3989750580199796
2.3999694842794908
2.450582145840618
2.4629355869085003
2.4358360746475727
2.448626258412728
2.4597848719987407
2.4599101276473596
2.429127321042287
2.4211488434835964
2.4459589566810056
2.4129198240754786
2.402361123544989
2.3987503916746578
2.3910380289308133
2.4344662127194607
2.443256948878562
2.446994898217298
2.4763100638246036
2.5015001331493516
2.476049689374868
2.457203453916855
2.4541332402610987
2.474324675077852
2.473701525695951
2.4670457737534317
2.4710511629003475
2.4653797530840467
2.4603566185367747
2.495569883428078
2.51500867652347
2.5235889430673857
2.521653015292806
2.5203876697357823
2.5136205596004273
2.530724066121861
2.5497614921450915
2.576437353472383
2.594679504195493
2.604241863456148
2.592700252782398
2.6011080995112144
2.60097958519085
2.6303344928035344
2.6167916244371763
2.638853145637103
2.6257073600340415
2.5967663150195572
2.576197519115252
2.562177657068083
2.580887526923043
2.5892360713824543
2.5919275944967186
2.5995904681046436
2.6404257901827295
2.6499339375668867
2.6306777499855536
2.6178402150691857
2.631812462838033
2.6549902450175056
2.6732389519012965
2.6785977684232125
2.670379190873029
2.6582307312151214
2.6512841377167575
2.6156096922489653
2.6202188588144733
2.610631510313483
2.5988117837082676
2.6019795800848
2.5894426099996504
2.5892547580129768
2.6035413972654404
2.5955428705246475
2.5811446732196677
2.5481789119172435
2.5528941048203584
2.5143425848135474
2.4999439548054787
2.4782213462666136
2.482102154142253
2.504721041274914
2.5156697978330276
2.5290028657871653
2.501722967453789
2.482853810127163
2.456479936069102
2.421567515875803
2.386465692928608
2.374643389829268
2.398156420769069
2.3725874910291886
2.3985862882557685
2.367313590643958
2.352995135805775
2.3316077318995103
2.319348509503642
2.364455735294955
2.3686094448712165
2.3677117817187097
2.396875302941597
2.370953750977979
2.4028339898089675
2.4161919175628386
2.4184662404797526
2.41044575701133
2.4190683466409006
2.413030634808707
2.415794606246204
2.3636782499515396
2.3629673701765626
2.3533451659148406
2.356110796212966
2.3707833141810783
2.3474136395503913
2.352599894243589
2.348945368060584
2.307027190384054
2.3085352759558035
2.291868212676344
2.3148151824961083
2.293484271163647
2.293359681875992
2.288430812962587
2.287974137656694
2.3031951470189984
2.2602452266025117
2.2642503481703087
2.2556248072271488
2.252394071830525
2.245200496027391
2.217820261239728
2.2163230427387615
2.21692428567103
2.207410953649911
2.194825184227758
2.2028449890788737
2.202594899029522
2.2024196393793423
2.2168523856518307
2.1863414793708373
2.2285498357838147
2.220753909885675
2.228479914816215
2.199201675579482
2.2257871468194614
2.2271553335962486
2.2405800445041266
2.231297819804186
2.240638141524052
2.2022402856989283
2.189871919665528
2.179958405459655
2.185863473593754
2.1869933738216747
2.180475640819872
2.1736362344159055
2.1947265635987905
2.1672304767890935
2.133836186018521
2.1655194052097713
2.14968206742394
2.13715867064611
2.1695035433597116
2.180033978729849
2.143485968431352
2.157074553258837
2.1657024194125922
2.1806990087152096
2.184493178904763
2.161385863105622
2.1764643892955124
2.189744618531121
2.199326604051895
2.1995918111804547
2.2205683776445833
2.1895120259618253
2.158360612078933
2.180769444873135
2.182932422992258
2.192348222294001
2.1964944146073337
2.1687341378257647
2.1571743672722152
2.1854823674667188
2.1890148325240086
2.1565199606944767
2.1493780515439953
2.1582464805801624
2.1627614864195843
2.1785068698283783
2.1556950904158954
2.1343168652607134
2.13389115257499
2.114441114409138
2.125782601443321
2.126396509997052
2.1452815569773183
2.14900575944999
2.1424144576699193
2.1612513186653777
2.1513136941920727
2.1559861405544334
2.1724302197306877
2.190570528647752
2.1700973519773488
2.1914176447822995
2.181279378715919
2.204212203277013
2.1836691212800514
2.1926231323224386
2.2114382332393365
2.2060136375288177
2.1724717056194263
2.1458079057110875
2.1187110143245214
2.1296218198443295
2.124343452382623
2.1584822570981137
2.1482179088529696
2.172687829347916
2.1784285541130624
2.1715475776120083
2.1827739716863466
2.1574676373365778
2.162757773626668
2.196742909870634
2.236186830195665
2.21216484457956
2.199378481433169
2.215373688691183
2.2126495819467746
2.1949655912587733
2.2101909151752794
2.1811683748535606
2.2073521665935565
2.211816827553248
2.21733949004492
2.197976943224931
2.158073272114991
2.144134728316105
2.1023054009298328
2.1169168235795115
2.080373377051099
2.054868234289595
2.0705041484130904
2.0874151524252555
2.1170352963168124
2.120965014910946
2.139854188909092
2.1623200526140494
2.175950569562337
2.201043226505326
2.191847648875712
2.1657412568395498
2.1824806383428665
2.1877553995684464
2.184810715979203
2.187520991153335
2.1774195310827222
2.1640475858658847
2.155059102623426
2.146645634061365
2.1595780450337356
2.171003027948502
2.150844715467197
2.1673835661438483
2.18032143323954
2.2199038168533622
2.238072549838286
2.2902252009608555
2.2849340817147006
2.3371406352452104
2.349691930622547
2.3715405789513055
2.3469095730710343
2.311918787178803
2.324631349456722
2.3470754872372326
2.365090343744586
2.3698813886319154
2.3372741166274142
2.3209284965433534
2.3257584656637036
2.333136257570062
2.3425360974094303
2.3066932652308814
2.3264929707511826
2.3174850214513962
2.293835486323586
2.2996311518267163
2.295055830864475
2.2998236086759865
2.3246650569326035
2.319841741668373
2.3303971750530166
2.300643894747297
2.2747426680819367
2.240216109374841
2.2759666181707265
2.2448900117717407
2.2394556526806735
2.221263919838176
2.238877623227072
2.2510483309394815
2.242202228257665
2.229271756927337
2.228341238168295
2.251988169810969
2.2413613807453117
2.2544605074755384
2.246122191217953
2.267373258739543
2.280245809548051
2.2700196643162673
2.2564705557000826
2.2338053846063044
2.2563361594259677
2.258316793348904
2.2625144764173513
2.2732773879970223
2.286705336188578
2.283052127278051
2.2785821765963785
2.2932023328680535
2.273730122099462
2.279373176966697
2.262828959229149
2.2745803219365732
2.2914143577785095
2.2707251344772055
2.287653397856989
2.2715284046256694
2.2618259961836578
2.2325302246754006
2.194408745480976
2.1821083963392964
2.1907516209921503
2.1823774129613867
2.2039490123932133
2.2018863236540267
2.2185639811001407
2.2022242244462626
2.22036643517873
2.231885593576904
2.238329101147109
2.2096568359544126
2.1831065714615074
2.236775471534832
2.207084906595601
2.245861137537086
2.2547960200932886
2.2436485952007055
2.269819792517286
2.2534274336690254
2.224904449920772
2.20108252714164
2.2388017813426093
2.2444236427324764
2.2277055523311997
2.2287345486722843
2.2347703390441436
2.2579064226796164
2.2862764923131484
2.2796792982037926
2.294489486756164
2.2937128533219484
2.2971451391517452
2.294325859938975
2.286425920530722
2.27397891386341
2.228500561025772
2.1945280046871236
2.1718328811708223
2.1620220250824644
2.161550925082449
2.1643548600848326
2.156146931008648
2.12780471734677
2.1248021085093214
2.1365589256530098
2.1535259040933084
2.1674421610488483
2.19493462494529
2.2040016947071184
2.226514615578694
2.2497621098436626
2.2384455961610468
2.218621796942388
2.2096770295848485
2.2371714339730153
2.2481209113514793
2.2611713095454062
2.248102060656368
2.256548856399651
2.2694655473681316
2.2801429677333127
2.291194081278545
2.2838040033630485
2.2706638424792036
2.247393873776052
2.2726743191532206
2.2619438181541875
2.2420461516026005
2.256681699981376
2.239383278623605
2.2498027285910847
2.2411781988007746
2.267860418116996
2.304564267229773
2.313931631871791
2.299469845203348
2.3070623174652427
2.3134110489380806
2.313249357273958
2.3002701096807243
2.287404265190939
2.2926405738611684
2.3000346146371453
2.307847098960834
2.3228015104839104
2.32819470159492
2.3213518996683153
2.3589335950207877
2.3712712657350328
2.341484404795816
2.3418311623245684
2.3643760884542186
2.375679177645459
2.3968970751585053
2.3695566268988704
2.3872027032077314
2.4027739911873054
2.3584109034993808
2.341645840716054
2.3272220574279885
2.3176483257284817
2.318597817269937
2.3233159926486477
2.3252114535383552
2.311484726371622
2.3362223785149228
2.336886779096878
2.32076872829878
2.330449684353565
2.335883456967823
2.3383260792687195
2.3095191674697375
2.2866487310001977
2.270080685572217
2.2830057343369736
2.302218813706623
2.3269092528381417
2.2881092884040264
2.2717916148666277
2.2320573024939234
2.210378321991111
2.2156590772799625
2.231307745841679
2.2583949317749923
2.233973493043551
2.239911761603488
2.2541850804811205
2.248647558091453
2.251522487099656
2.278914321271005
2.261224742150077
2.267690204458275
2.2798375562083217
2.2725322777142365
2.258103440837356
2.2644540317327038
2.2660408257346845
2.268734585380237
2.270216828084499
2.2748278348896003
2.2823177618337196
2.2974048273605
2.300804243762978
2.318548311788951
2.324854653355152
2.3264062587596217
2.343648333706091
2.3687285714472406
2.34062688103235
2.356088104076063
2.364187422848891
2.3589877823531737
2.3533534978791883
2.3239972247123886
2.3150185976884483
2.319362908679353
2.3254625443716344
2.3406910714938913
2.3511269082770045
2.3234331478405563
2.316775431710169
2.3091717056493857
2.3193681264591026
2.3448809412236784
2.379434185824238
2.3917190296594764
2.397456818789704
2.3983624669073285
2.4144509258486306
2.406107497743409
2.4041795663375396
2.4100106673262314
2.389100212067724
2.373437117469141
2.374406637358489
2.388225299689103
2.4049785052410866
2.4400806318511026
2.39970192627904
2.4050658955706172
2.4205028012333782
2.434790308958355
2.4602270856211024
2.4285747530128257
2.4421567649794165
2.449727126153044
2.444928598319284
2.4421833927439573
2.4586072930238516
2.467903414634817
2.4749494427956646
2.480465203941939
2.4898776844944694
2.49935686503856
2.4930122162682844
2.4613971348766692
2.4786642071357337
2.5093433593721035
2.511569167081591
2.494193128336704
2.486867596087547
2.4671419487877433
2.476653327830166
2.457634792578755
2.4397661940881954
2.4167110978842157
2.4335631732938956
2.46783571218738
2.4739914241289993
2.4550898628788094
2.4673795722283165
2.4656173823637104
2.3920106678929787
2.3570228429582882
2.364414406260137
2.359061390586549
2.3153954466766753
2.3438584948238694
2.322734728299036
2.3183182821069397
2.352343288757577
2.3341842227013827
2.3403693176031495
2.3483286972627355
2.3468121894113527
2.3707382969898423
2.396333653555272
2.37711456814065
2.3829299572369997
2.347807998457415
2.375420413941193
2.399188980673425
2.39485824434774
2.40393198003205
2.396650144992407
2.375147656336101
2.4067415148695566
2.4183274192403905
2.4088850617073416
2.42328711907445
2.487072639749069
2.491721540621894
2.494822851584389
2.4985287063305317
2.482865465586912
2.502237981243422
2.5235167179468654
2.5264143899197817
2.491996871375282
2.501552331804211
2.5197388452099263
2.4923812821387856
2.4838840889917098
2.495295446714048
2.4935860898963202
2.5102441012894006
2.5192072719232854
2.494917892980159
2.510255058793692
2.4676053500748036
2.4678047093576434
2.4687410858864243
2.486737102537597
2.4915925553182015
2.4974183180985787
2.4841192580893994
2.4705737714201637
2.4705672243502943
2.4855454993261845
2.4868557559101054
2.50093869586591
2.4811490775251426
2.4489594550665856
2.4493738165130132
2.450085026143992
2.4430985159372476
2.436255663397365
2.4005623363267934
2.424841784091012
2.409355094493287
2.450405134224969
2.462871024788892
2.4809709573361407
2.4711312936077316
2.4416892531675636
2.44940467595844
2.447585575059674
2.451296592842799
2.463941384418174
2.46672234251039
2.4648375000035383
2.456896954703011
2.4869670228917338
2.4631523863448335
2.4761078075827245
2.493597158495212
2.4605764985910277
2.4626982931501233
2.450138577779583
2.4649368670906373
2.493019395744484
2.4874676245734397
2.4697624723322735
2.4731844140743253
2.451130895716621
2.4376987323428003
2.436484681012027
2.4545713180240942
2.421997980900204
2.397372015901783
2.3588050205793833
2.3903991691449775
2.3809693959840184
2.363719925908237
2.371471022962537
2.369158925022059
2.3879855600364217
2.365214478587264
2.36074764692853
2.3168323503874158
2.2954391299025425
2.2866378495978426
2.303106849393201
2.289737581151317
2.33716977424993
2.330890098771674
2.3230037528141074
2.3186171086138225
2.3264522207333767
2.3442087714130633
2.3385709465332343
2.3272266216080317
2.325758716810271
2.3589327815184373
2.369090948557071
2.395337706019047
2.376067658108271
2.358691790225505
2.372969966055039
2.3975372604631358
2.4305596257134847
2.43516389999379
2.4257446999277845
2.4148288495369785
2.402119690707288
2.3802521159513783
2.3833754056567957
2.356700575490833
2.3517433016944866
2.35269214809176
2.3493098587810777
2.3681600893240087
2.4224573493014048
2.459736560604353
2.4513567108744296
2.4272775648027545
2.432216258590039
2.3946119871030076
2.4049312107566907
2.4252985416430803
2.436082750448309
2.4431556407333535
2.447428719882343
2.460967235450041
2.4306687836391374
2.445015135776291
2.467677017535999
2.4305352081337435
2.419239384187008
2.38479010287395
2.3778070204677726
2.396254087502591
2.3982574674315247
2.380198243970983
2.3946307407283753
2.3559074450971993
2.326741620685539
2.294114349855065
2.281935391227462
2.2888442617802967
2.2734328808740782
2.2571524224862562
2.2548100900055257
2.2491823548965053
2.2326891991741324
2.257255554851818
2.285548364415352
2.317956071894553
2.3078257032877563
2.3423009778248822
2.3491649094315554
2.3393817196401114
2.337936215040356
2.3496438327449596
2.3406519945335256
2.3461450918963593
2.3241952291823025
2.3311308269498814
2.338350622470705
2.3572348811845916
2.357550759122696
2.3403785861076387
2.3525567886058174
2.3385022251645644
2.3370775035031524
2.3454844107630164
2.3634215205752187
2.3521487706216826
2.3791638706636364
2.3743582364577103
2.3451436096525833
2.3211203434690977
2.3504921560837184
2.3626863557023627
2.3937511946159615
2.37541748949991
2.355622933600866
2.349172361304092
2.3159896740098853
2.368839304121372
2.3876945874875366
2.3825950243082
2.374302921911081
2.3616306042484734
2.3639944815764036
2.3742385702956366
2.377273511433954
2.3471093202742623
2.3515356853174785
2.3885413906713078
2.3943146988274875
2.4102630477625904
2.400628993828678
2.4095565839536452
2.428596624551528
2.4437541565025374
2.4823182500118386
2.5012764199284128
2.473528796363841
2.4637812289084295
2.448648943732751
2.4257628221692045
2.4385578301831607
2.4399868187665668
2.411131137820095
2.4351503988992502
2.4487199838464213
2.4652345404886153
2.480585731519513
2.484640794844043
2.4535912860365165
2.4340607935178125
2.4461183054628464
2.44400423172221
2.420029347207306
2.419293361928158
2.38372662036903
2.3681653766725836
2.3723064140075003
2.3529872465255313
2.348527701294522
2.3518524477651996
2.3336508160648712
2.3440297198698645
2.399606615836684
2.421517639662298
2.410538401944093
2.3926826511794106
2.3952526388748847
2.3479284991909477
2.3418544182621512
2.3399032576088494
2.355192957433003
2.3549919338755583
2.350754836446539
2.352267235850072
2.361308375305247
2.3367235375352347
2.3495363551523454
2.3279553685980754
2.3419851870352733
2.309480110752188
2.301469870768855
2.2891349540471326
2.297733469498182
2.3081233719919654
2.2979295093995447
2.343014249745581
2.3699836925199387
2.367270540555925
2.3507865773318586
2.346362281522882
2.364463926469879
2.3506990599442363
2.3519640224047804
2.3182619244208227
2.3074557471281523
2.2933925498992593
2.299472075925144
2.271341075229321
2.2585046678368905
2.27326415146361
2.244570306207128
2.2477712448623164
2.243978259428367
2.2336905810241423
2.2387888726517633
2.2231755743766217
2.2129190001467975
2.235502372654237
2.2448468731285796
2.290018766615017
2.2524791368398525
2.2506670049243174
2.2795525326248094
2.2648301169810514
2.280718883205501
2.2799483370586797
2.291135747301299
2.3318751372167
2.350809516990305
2.3201362906020466
2.26779002299853
2.2506862170745476
2.253358493420427
2.2664659216622285
2.245753397879561
2.2095128941959006
2.2101072819160006
2.18308580182824
2.179880903399092
2.1675371697334582
2.1410207472380764
2.193776390594234
2.215697033453929
2.2420447206623004
2.223229410171209
2.1922365727224085
2.1854230578301297
2.1745632551027514
2.161697981439688
2.1623455206537017
2.1652026309389862
2.180720876793914
2.158342583214263
2.186890649587609
2.1830454948708553
2.185354503812592
2.166837763469021
2.162776336953159
2.167269222602625
2.1878186071688797
2.1914089297436314
2.2019899584954676
2.2085700870643383
2.227259692119331
2.2181633592750147
2.172192371027342
2.1457687284835205
2.125054691477881
2.1244168032489235
2.085997094609039
2.070215727501147
2.080104175026759
2.072594242657013
2.038880056380908
2.083733081532249
2.088786670449402
2.076716775338311
2.0711580720485494
2.0471681216964748
2.0494653866158874
2.064228801415282
2.08995028707881
2.0898357257195754
2.0967560599294894
2.1073422484729325
2.1197532081084893
2.0982792449738756
2.09405485822452
2.135388397725949
2.110557609914353
2.109668122696229
2.124590400080426
2.1329806179400994
2.162616347770685
2.1452143983441663
2.1300084106645687
2.143704199261534
2.117742469332087
2.1239734427351236
2.1182116355486516
2.097705440832428
2.104831783885775
2.1037575005045217
2.1070127405705223
2.115553660643492
2.119836688903816
2.1226307435413294
2.137798115021888
2.1535994792715383
2.142602592518682
2.1786417896519303
2.207141343182051
2.2121068038348324
2.1998249949191537
2.1965250968649346
2.1805782119474144
2.1975238336792584
2.2102551042383913
2.1938578592524176
2.224419665327654
2.2099776827946833
2.2489336620770914
2.282497071924932
2.2898002855693385
2.293446256421423
2.281758061665166
2.2756769979732168
2.251352377459243
2.2435995637902506
2.2740756148926926
2.2629029074269242
2.2719616586109668
2.259872626890266
2.236248446727795
2.211988063465775
2.206929011522699
2.178385944689692
2.208352269242979
2.224562692546951
2.258819416008155
2.2420448851674233
2.259866959744941
2.2786872807178966
2.2891923492435344
2.2732586695650365
2.272689940731201
2.2885990605727873
2.299857144544076
2.322560814954994
2.30494893569204
2.2889795274744484
2.3019053335638215
2.3103755896699356
2.3019918149298446
2.3049718772577896
2.336093320806596
2.322289160607159
2.3026612057061993
2.2964960452321415
2.2966239607831773
2.3035112563338536
2.314791581361779
2.359854425064515
2.3523848849286964
2.3513981802687005
2.3657849750929034
2.336201075284266
2.363945790316715
2.4013609632616832
2.375034111917054
2.4118903928741324
2.4115445074592046
2.3871219237386696
2.3880670842222034
2.3781451728367458
2.363746199539209
2.3723991909916986
2.356601035251254
2.376661713848795
2.3841555269438452
2.3871158140891784
2.4221987813129555
2.4295758628965087
2.430037510604025
2.4272826796809013
2.416375591267392
2.4175508668743784
2.405168741334889
2.4213292926628553
2.3929003903405888
2.3772920599173966
2.3943992280865514
2.4390244171138704
2.4627651252915417
2.47543395583275
2.485373567880112
2.4652482368661732
2.445701306459801
2.4572171263595077
2.4917126724076994
2.5017126430580987
2.5175479779008376
2.497364295870648
2.478188454513361
2.4270454964601447
2.396829821876196
2.4350550576448895
2.41341629407708
2.434048190356553
2.4402077431800326
2.438151269823786
2.4464872305572483
2.426615107536244
2.3921501308863666
2.3719843251948993
2.3889167416867734
2.415324744143179
2.4382115911704445
2.408171446776151
2.413789506854113
2.459937833219656
2.470307188482415
2.4777191300864416
2.4941978877078284
2.4914813730973226
2.5064548258486536
2.5019742325329113
2.479726889048168
2.4985410307831324
2.5024214942567737
2.4906064840673316
2.499420320585242
2.508798889621229
2.4955158771277826
2.4992493175951163
2.5132176156419628
2.511142132777489
2.530245207824353
2.5079751391833627
2.4931732745786626
2.5150649420731255
2.500825737962346
2.5197604005168155
2.5277093799302035
2.533764169465609
2.493784532146243
2.4912900230881476
2.4806213249699183
2.4944130539500415
2.491338879512623
2.4838550144879115
2.502188554822517
2.475238942300473
2.484628138191751
2.485285195214131
2.47020100464105
2.489051151481283
2.511504573104938
2.5304995125611964
2.523009211702836
2.5374652539509404
2.4977458998625934
2.4590042156099554
2.4614908747547726
2.471352646081493
2.4432370721171286
2.4372775120511627
2.4065243345129774
2.386816359510466
2.3718043449844437
2.363324883158754
2.3403120272452913
2.3180974423245813
2.3023467761046557
2.3166505044455956
2.294049044964024
2.248099360140444
2.262536586791801
2.275323886107564
2.2642794196705744
2.265756942488051
2.2451880385240415
2.2720960055843924
2.2916583414815546
2.3001359976961004
2.307988454978149
2.320616171712182
2.326881009093139
2.2799593972655767
2.291187874360776
2.3186398527509957
2.311473478249131
2.3039023083375425
2.3012560050379016
2.308373049521813
2.3091892187873935
2.302204891455471
2.2959719793071702
2.2916980292270646
2.312776398447213
2.3183744571537517
2.3519202817005316
2.402648353798801
2.3825032281073044
2.3832214883524085
2.4010220815088017
2.388317598907018
2.3971148346210716
2.419741115447943
2.400191910148047
2.396295084467675
2.4044379123063258
2.428823714040334
2.3938383573850857
2.4163614461961904
2.394615427524808
2.3774048355760575
2.3529658036084165
2.3569684067989436
2.349628759479686
2.350669325315964
2.3771272560800476
2.38152906620968
2.404125001742586
2.394109345076099
2.397799612789069
2.390645674285198
2.3874967296517244
2.3915302912659233
2.3668071988834396
